-1  25  15  15
 0.000811033  4  4  2  E
 0.025956497  4  5  2  E
 0.070294417  4  4  2  E
 0.393086860  4  4  2  e
 0.001090393  9  5  5  J
 0.017582585  9  4  5  J
 0.041318016  9  4  4  J
 0.088078978  9  4  3  J
 0.409156819  9  4  3  j
 0.000937824  6  13  3  G
 0.026076325  6  14  3  G
 0.037109831  6  0  3  G
 0.080087531  6  1  3  G
 0.094039669  6  1  4  G
 0.112924749  6  1  3  G
 0.134083016  6  1  2  G
 0.169008903  6  1  3  G
 0.215250432  6  1  2  G
 0.237729225  6  2  2  G
 0.564507707  6  2  2  g
 0.000627102  2  3  0  C
 0.026077417  2  4  0  C
 0.054168335  2  3  0  C
 0.096246580  2  3  1  C
 0.122143661  2  2  1  C
 0.134471958  2  2  2  C
 0.162209462  2  3  2  C
 0.207073368  2  3  1  C
 0.253531883  2  2  1  C
 0.603220767  2  2  1  c
 0.000875058  5  4  4  F
 0.041293818  5  4  3  F
 0.086984632  5  3  3  F
 0.106279066  5  3  4  F
 0.152521796  5  4  4  F
 0.189144932  5  3  4  F
 0.217863955  5  3  5  F
 0.262032500  5  4  5  F
 0.287073133  5  5  5  F
 0.307121652  5  4  5  F
 0.619056337  5  4  5  f
 0.000988104  7  7  8  H
 0.013294482  7  7  7  H
 0.062958491  7  6  7  H
 0.092057814  7  6  6  H
 0.107237945  7  6  5  H
 0.135559953  7  6  6  H
 0.149042525  7  7  6  H
 0.160864888  7  6  6  H
 0.176229171  7  7  6  H
 0.186934639  7  8  6  H
 0.208941076  7  7  6  H
 0.230262740  7  7  5  H
 0.272582972  7  6  5  H
 0.316324590  7  5  5  H
 0.629713457  7  5  5  h
 0.301368699  16  9  13  1
 0.752477271  16  15  15  1
 0.001444548  13  11  11  N
 0.014660280  13  12  11  N
 0.029927009  13  12  10  N
 0.048191383  13  12  9  N
 0.088166926  13  12  8  N
 0.117000827  13  12  7  N
 0.164713148  13  13  7  N
 0.204225275  13  12  7  N
 0.248093732  13  12  8  N
 0.291906465  13  12  7  N
 0.316448963  13  12  8  N
 0.357591062  13  12  7  N
 0.377485756  13  11  7  N
 0.406965338  13  11  6  N
 0.431018876  13  11  7  N
 0.778759894  13  11  7  n
 0.001369742  12  5  11  M
 0.044923698  12  5  12  M
 0.058123954  12  6  12  M
 0.094865282  12  6  13  M
 0.125884616  12  7  13  M
 0.171137992  12  7  14  M
 0.192756410  12  7  0  M
 0.216357062  12  7  1  M
 0.231985783  12  8  1  M
 0.253524101  12  8  0  M
 0.300469574  12  7  0  M
 0.312647830  12  7  14  M
 0.329722936  12  8  14  M
 0.359805566  12  7  14  M
 0.406480636  12  8  14  M
 0.436508968  12  7  14  M
 0.459234827  12  7  0  M
 0.507719984  12  7  14  M
 0.538091620  12  7  13  M
 0.551356352  12  6  13  M
 0.594224195  12  7  13  M
 0.633404876  12  7  14  M
 0.654951995  12  7  0  M
 0.700665678  12  8  0  M
 0.715321093  12  8  1  M
 0.754641296  12  9  1  M
 0.783393205  12  9  2  M
 0.000538848  1  11  7  B
 0.035404933  1  12  7  B
 0.070366254  1  12  6  B
 0.092054418  1  13  6  B
 0.135224889  1  14  6  B
 0.167238501  1  13  6  B
 0.217211455  1  13  7  B
 0.249199107  1  12  7  B
 0.279111689  1  13  7  B
 0.302401458  1  13  6  B
 0.320613217  1  12  6  B
 0.359948355  1  13  6  B
 0.386284871  1  13  5  B
 0.399801384  1  13  6  B
 0.430863394  1  12  6  B
 0.451723723  1  11  6  B
 0.794265342  1  11  6  b
 0.001277138  11  5  14  L
 0.037613445  11  6  14  L
 0.065718559  11  6  13  L
 0.094818772  11  5  13  L
 0.126903175  11  6  13  L
 0.159367163  11  6  14  L
 0.206038447  11  5  14  L
 0.217750838  11  4  14  L
 0.241263858  11  3  14  L
 0.263781525  11  3  0  L
 0.295356681  11  3  1  L
 0.307497635  11  3  0  L
 0.353409792  11  2  0  L
 0.382960589  11  3  0  L
 0.419719061  11  4  0  L
 0.446440885  11  4  14  L
 0.488488434  11  3  14  L
 0.563187685  11  4  14  L
 0.587027970  11  4  0  L
 0.631439449  11  4  1  L
 0.650837576  11  3  1  L
 0.990139244  11  3  1  l
 0.001537833  14  8  5  O
 0.023928494  14  8  4  O
 0.061660414  14  7  4  O
 0.078444020  14  7  5  O
 0.127103544  14  8  5  O
 0.157500283  14  7  5  O
 0.194579297  14  8  5  O
 0.219326851  14  8  6  O
 0.241994001  14  7  6  O
 0.272645799  14  7  5  O
 0.291681599  14  7  6  O
 0.303767674  14  8  6  O
 0.353314712  14  7  6  O
 0.377663524  14  7  7  O
 0.402791421  14  7  6  O
 0.448247947  14  8  6  O
 0.494972829  14  9  6  O
 0.536247207  14  8  6  O
 0.577502924  14  8  5  O
 0.623516463  14  9  5  O
 0.649056147  14  9  6  O
 0.691142504  14  10  6  O
 1.037500507  14  10  6  o
 0.000707289  3  7  12  D
 0.028371688  3  8  12  D
 0.065037836  3  8  13  D
 0.108418158  3  7  13  D
 0.125793688  3  7  12  D
 0.171692081  3  6  12  D
 0.204017102  3  7  12  D
 0.252055933  3  7  13  D
 0.300105580  3  7  12  D
 0.338629928  3  6  12  D
 0.382346339  3  7  12  D
 0.404317306  3  7  11  D
 0.417324995  3  6  11  D
 0.466201856  3  6  10  D
 0.490452403  3  7  10  D
 0.530457463  3  7  9  D
 0.562485911  3  8  9  D
 0.597939244  3  7  9  D
 0.614263452  3  7  8  D
 0.644550645  3  7  7  D
 0.693382119  3  7  6  D
 0.730654604  3  7  7  D
 0.772736387  3  6  7  D
 0.805693881  3  7  7  D
 0.830865923  3  7  6  D
 0.861920115  3  8  6  D
 0.883868461  3  9  6  D
 0.917155287  3  9  5  D
 0.948654670  3  9  6  D
 1.268876267  3  9  6  d
 0.001139017  10  3  14  K
 0.017151322  10  3  13  K
 0.057810047  10  2  13  K
 0.090865821  10  2  12  K
 0.118337240  10  3  12  K
 0.129152073  10  3  13  K
 0.147113085  10  4  13  K
 0.175977815  10  4  12  K
 0.222504430  10  5  12  K
 0.264685220  10  4  12  K
 0.282844233  10  5  12  K
 0.323893889  10  4  12  K
 0.346211862  10  3  12  K
 0.376219363  10  3  13  K
 0.386400833  10  3  14  K
 0.422743930  10  3  13  K
 0.435460370  10  3  12  K
 0.451199803  10  4  12  K
 0.483334558  10  4  13  K
 0.528306544  10  4  14  K
 0.563090828  10  5  14  K
 0.585215594  10  6  14  K
 0.600382520  10  5  14  K
 0.613622940  10  6  14  K
 0.631361876  10  6  13  K
 0.674240513  10  5  13  K
 0.704365594  10  5  14  K
 0.747796556  10  6  14  K
 0.768635124  10  7  14  K
 0.805684561  10  6  14  K
 0.817115798  10  7  14  K
 0.833459412  10  7  0  K
 0.862921548  10  7  1  K
 0.892701941  10  7  2  K
 0.934231674  10  7  1  K
 0.977447129  10  6  1  K
 1.022943560  10  7  1  K
 1.064113446  10  8  1  K
 1.101048353  10  8  2  K
 1.448475346  10  8  2  k
 0.000351313  0  10  3  A
 0.030354415  0  10  4  A
 0.068208521  0  11  4  A
 0.083404184  0  12  4  A
 0.094786136  0  12  5  A
 0.133703639  0  11  5  A
 0.177628336  0  11  6  A
 0.218330602  0  12  6  A
 0.249136374  0  12  5  A
 0.260566662  0  13  5  A
 0.277300468  0  13  4  A
 0.325264938  0  13  3  A
 0.357307835  0  13  4  A
 0.392816219  0  13  3  A
 0.442324104  0  13  2  A
 0.452556470  0  12  2  A
 0.463030393  0  12  3  A
 0.480204360  0  12  2  A
 0.503019970  0  12  1  A
 0.535858347  0  12  0  A
 0.566631453  0  12  1  A
 0.610778736  0  12  2  A
 0.652844713  0  12  3  A
 0.670008530  0  12  4  A
 0.688212603  0  13  4  A
 0.716156026  0  13  5  A
 0.760204775  0  13  6  A
 0.773737210  0  12  6  A
 0.804703940  0  13  6  A
 0.827079332  0  13  7  A
 0.863449717  0  14  7  A
 0.906906561  0  14  6  A
 0.926197167  0  14  5  A
 0.936792377  0  14  4  A
 0.965904473  0  14  3  A
 1.009194766  0  14  4  A
 1.057631457  0  13  4  A
 1.081318482  0  13  5  A
 1.109968215  0  12  5  A
 1.132664297  0  12  6  A
 1.456244371  0  12  6  a
 0.001042960  8  14  8  I
 0.035279544  8  0  8  I
 0.065295601  8  1  8  I
 0.092956470  8  2  8  I
 0.139632882  8  2  9  I
 0.162791302  8  1  9  I
 0.182720142  8  1  10  I
 0.211023301  8  1  11  I
 0.244045038  8  1  10  I
 0.260189102  8  2  10  I
 0.289272340  8  3  10  I
 0.330274297  8  3  9  I
 0.340726986  8  3  8  I
 0.371519620  8  3  7  I
 0.384428389  8  3  8  I
 0.430852089  8  3  7  I
 0.458650116  8  3  8  I
 0.485995338  8  3  9  I
 0.505333631  8  3  10  I
 0.551420498  8  4  10  I
 0.568095406  8  4  11  I
 0.597107507  8  5  11  I
 0.609078269  8  4  11  I
 0.635815770  8  4  12  I
 0.679108334  8  3  12  I
 0.726407874  8  3  11  I
 0.736714492  8  3  12  I
 0.784221284  8  4  12  I
 0.815692457  8  3  12  I
 0.842212686  8  3  13  I
 0.864217496  8  4  13  I
 0.896219879  8  3  13  I
 0.944212269  8  2  13  I
 0.974063340  8  2  12  I
 1.014153537  8  2  13  I
 1.057903452  8  1  13  I
 1.077234389  8  1  12  I
 1.119232193  8  1  11  I
 1.147007878  8  1  10  I
 1.185411143  8  2  10  I
 1.221431823  8  2  11  I
 1.249183531  8  2  10  I
 1.262477813  8  3  10  I
 1.289032831  8  2  10  I
 1.307765994  8  3  10  I
 1.336211931  8  3  11  I
 1.363125732  8  4  11  I
 1.375438149  8  4  12  I
 1.406310793  8  3  12  I
 1.433970053  8  3  11  I
 1.481758990  8  3  10  I
 1.506284105  8  4  10  I
 1.532764838  8  5  10  I
 1.569527431  8  5  11  I
 1.619505726  8  5  12  I
 1.641987120  8  5  13  I
 1.656269427  8  5  12  I
 1.670280217  8  5  13  I
 1.680739028  8  5  14  I
 1.692155093  8  6  14  I
 1.718495860  8  6  0  I
 1.757735726  8  7  0  I
 1.768214264  8  6  0  I
 1.779310641  8  5  0  I
 1.790946315  8  5  14  I
 1.822698616  8  6  14  I
 1.848645132  8  6  0  I
 0.411251808  17  7  0  2
 0.459196800  17  7  1  2
 0.862916115  17  7  2  2
 0.892695614  17  7  3  2
 2.049313402  17  15  15  2
 0.187830394  20  5  10  5
 1.532685085  20  5  9  5
 2.085834861  20  15  15  5
 0.372858909  18  0  0  3
 2.180039108  18  15  15  3
 0.453470467  19  2  9  4
 2.560758617  19  15  15  4
 0.498518580  22  6  4  7
 3.007659590  22  15  15  7
 0.029833109  24  10  12  9
 3.192563274  24  15  15  9
 0.134007730  15  0  13  0
 3.654317177  15  15  15  0
 0.246332939  21  14  12  6
 4.617974061  21  15  15  6
 0.045394702  23  5  14  8
 0.205994007  23  5  13  8
 0.674233192  23  5  12  8
 1.619421108  23  5  13  8
 1.641900582  23  5  14  8
 1.680655464  23  5  0  8
 1.779225411  23  5  14  8
 1.790900950  23  5  13  8
 4.861723098  23  15  15  8
