-1  15  15  15
 0.000000000  4  6  6  E
 0.000428393  4  5  6  E
 0.012129862  4  5  5  E
 0.056374997  4  6  5  E
 0.077395943  4  5  5  E
 0.108518554  4  5  6  E
 0.157551135  4  5  5  E
 0.182826519  4  4  5  E
 0.230766781  4  3  5  E
 0.246193387  4  3  6  E
 0.278546425  4  4  6  E
 0.309493501  4  5  6  E
 0.326295229  4  5  7  E
 0.340255873  4  5  8  E
 0.369278651  4  6  8  E
 0.411835160  4  6  9  E
 0.458491624  4  7  9  E
 0.469152793  4  8  9  E
 0.489917005  4  7  9  E
 0.518605502  4  6  9  E
 0.534229023  4  7  9  E
 0.553931777  4  7  8  E
 0.000000000  9  2  14  J
 0.000460685  9  3  14  J
 0.040258714  9  3  0  J
 0.078069326  9  2  0  J
 0.122583270  9  1  0  J
 0.168247969  9  0  0  J
 0.211851039  9  14  0  J
 0.251151829  9  14  14  J
 0.296603191  9  0  14  J
 0.315472772  9  0  13  J
 0.341461563  9  14  13  J
 0.361974803  9  0  13  J
 0.401818912  9  14  13  J
 0.436166136  9  14  14  J
 0.480707248  9  14  0  J
 0.505541794  9  14  1  J
 0.520011443  9  14  0  J
 0.535078234  9  0  0  J
 0.551921820  9  0  1  J
 0.566102984  9  0  0  J
 0.000000000  10  9  2  K
 0.000467504  10  9  3  K
 0.044058575  10  9  4  K
 0.076368617  10  9  3  K
 0.094457408  10  10  3  K
 0.137875866  10  10  2  K
 0.149990683  10  11  2  K
 0.184852019  10  11  3  K
 0.201425745  10  10  3  K
 0.223549561  10  10  2  K
 0.270275132  10  10  1  K
 0.280707066  10  10  0  K
 0.323836687  10  10  14  K
 0.347332659  10  10  13  K
 0.361974826  10  10  14  K
 0.394558215  10  11  14  K
 0.411320325  10  12  14  K
 0.426174951  10  11  14  K
 0.456774851  10  11  0  K
 0.470650058  10  11  1  K
 0.487114915  10  11  0  K
 0.500516374  10  11  14  K
 0.548902428  10  11  13  K
 0.583199548  10  12  13  K
 0.604485839  10  12  14  K
 0.646089970  10  12  0  K
 0.669489824  10  13  0  K
 0.681170546  10  13  14  K
 0.693837713  10  13  13  K
 0.732831514  10  13  14  K
 0.000000000  8  7  4  I
 0.000454592  8  7  3  I
 0.041567336  8  6  3  I
 0.088417346  8  6  2  I
 0.103573376  8  6  3  I
 0.140777075  8  5  3  I
 0.169139654  8  6  3  I
 0.187016393  8  7  3  I
 0.214009795  8  7  2  I
 0.231012124  8  6  2  I
 0.258460937  8  5  2  I
 0.276411954  8  4  2  I
 0.293865092  8  4  3  I
 0.322202811  8  4  4  I
 0.349456242  8  5  4  I
 0.361712548  8  6  4  I
 0.399164215  8  7  4  I
 0.437679701  8  7  3  I
 0.461306433  8  7  4  I
 0.503608661  8  7  5  I
 0.530696657  8  6  5  I
 0.557443894  8  6  6  I
 0.575695654  8  6  7  I
 0.601277998  8  5  7  I
 0.645414363  8  4  7  I
 0.656553608  8  4  8  I
 0.698616060  8  3  8  I
 0.709313526  8  4  8  I
 0.736569511  8  4  9  I
 0.763241620  8  5  9  I
 0.811271615  8  6  9  I
 0.827295646  8  6  8  I
 0.846132619  8  5  8  I
 0.000000000  12  0  9  M
 0.000480344  12  1  9  M
 0.040818182  12  1  8  M
 0.078287627  12  2  8  M
 0.105441637  12  3  8  M
 0.115704868  12  2  8  M
 0.137079371  12  2  9  M
 0.152597310  12  3  9  M
 0.191959879  12  3  8  M
 0.215078711  12  3  9  M
 0.229158755  12  3  10  M
 0.265136147  12  3  9  M
 0.289096736  12  3  8  M
 0.338067486  12  3  7  M
 0.352247599  12  3  6  M
 0.384821147  12  2  6  M
 0.397880526  12  1  6  M
 0.426721097  12  1  5  M
 0.465439889  12  1  4  M
 0.497407887  12  0  4  M
 0.546747180  12  1  4  M
 0.572385164  12  0  4  M
 0.587524353  12  1  4  M
 0.617859450  12  2  4  M
 0.628770103  12  2  3  M
 0.651411546  12  2  2  M
 0.698016191  12  2  1  M
 0.730323953  12  2  0  M
 0.749077536  12  3  0  M
 0.792141714  12  3  1  M
 0.812825516  12  3  2  M
 0.860327805  12  2  2  M
 0.898856513  12  1  2  M
 0.928530714  12  0  2  M
 0.955954331  12  0  3  M
 0.987424482  12  0  4  M
 1.013741288  12  0  5  M
 1.035163452  12  0  4  M
 1.048060776  12  0  3  M
 0.000000000  0  13  7  A
 0.000397737  0  13  6  A
 0.050078529  0  14  6  A
 0.085398949  0  14  7  A
 0.120076500  0  13  7  A
 0.138489353  0  14  7  A
 0.177994706  0  14  6  A
 0.202510635  0  14  5  A
 0.245023191  0  13  5  A
 0.270248275  0  14  5  A
 0.310843561  0  14  4  A
 0.326398065  0  14  3  A
 0.359162463  0  13  3  A
 0.374343012  0  13  2  A
 0.390025061  0  13  3  A
 0.411277792  0  13  4  A
 0.448923569  0  12  4  A
 0.475565971  0  13  4  A
 0.493091502  0  13  3  A
 0.516291612  0  13  2  A
 0.566060938  0  14  2  A
 0.588420214  0  14  3  A
 0.609073951  0  14  2  A
 0.632436571  0  0  2  A
 0.675287043  0  14  2  A
 0.716654784  0  14  3  A
 0.742639674  0  13  3  A
 0.761098315  0  13  2  A
 0.771922170  0  13  3  A
 0.789456362  0  13  4  A
 0.825149732  0  13  3  A
 0.835860753  0  13  2  A
 0.882103861  0  12  2  A
 0.931302119  0  12  3  A
 0.942374205  0  11  3  A
 0.967817021  0  11  4  A
 1.005464323  0  10  4  A
 1.020010532  0  10  3  A
 0.000000000  7  10  4  H
 0.000448173  7  11  4  H
 0.044604123  7  11  5  H
 0.056195935  7  12  5  H
 0.069919905  7  13  5  H
 0.111659851  7  12  5  H
 0.129434745  7  11  5  H
 0.140835673  7  12  5  H
 0.167952681  7  13  5  H
 0.206089208  7  13  4  H
 0.248439641  7  13  3  H
 0.298487112  7  13  4  H
 0.343560448  7  13  5  H
 0.366346203  7  12  5  H
 0.389238054  7  12  6  H
 0.407071835  7  12  5  H
 0.445910825  7  12  6  H
 0.465457767  7  13  6  H
 0.499827473  7  14  6  H
 0.538749566  7  13  6  H
 0.565247823  7  13  5  H
 0.612870428  7  13  4  H
 0.639421948  7  13  5  H
 0.677394938  7  14  5  H
 0.712676564  7  14  6  H
 0.755669763  7  14  5  H
 0.786921622  7  0  5  H
 0.798792801  7  14  5  H
 0.830656294  7  14  6  H
 0.872666185  7  14  5  H
 0.889970394  7  14  6  H
 0.919872712  7  14  5  H
 0.933908760  7  14  6  H
 0.944549492  7  0  6  H
 0.974011582  7  14  6  H
 0.990852146  7  14  5  H
 1.017702658  7  13  5  H
 1.028898840  7  13  4  H
 1.055093651  7  14  4  H
 1.086522505  7  14  5  H
 1.120094612  7  0  5  H
 1.152213495  7  0  4  H
 1.185065163  7  0  3  H
 1.207179128  7  14  3  H
 1.229211281  7  14  2  H
 1.251883431  7  0  2  H
 1.283922576  7  0  1  H
 1.304325689  7  14  1  H
 0.000000000  11  1  0  L
 0.000473760  11  2  0  L
 0.036239193  11  3  0  L
 0.067961306  11  4  0  L
 0.085216591  11  4  1  L
 0.114820712  11  5  1  L
 0.157017560  11  6  1  L
 0.179383185  11  6  0  L
 0.227729274  11  7  0  L
 0.256772607  11  8  0  L
 0.275502364  11  8  1  L
 0.312583131  11  9  1  L
 0.362340753  11  8  1  L
 0.394816172  11  9  1  L
 0.406008710  11  10  1  L
 0.422204852  11  10  0  L
 0.435313922  11  10  1  L
 0.449551368  11  10  2  L
 0.463211536  11  9  2  L
 0.487786712  11  10  2  L
 0.529507069  11  9  2  L
 0.556623608  11  8  2  L
 0.593630962  11  9  2  L
 0.615954457  11  8  2  L
 0.632639045  11  7  2  L
 0.682267030  11  6  2  L
 0.728023442  11  6  3  L
 0.741898198  11  5  3  L
 0.773029342  11  4  3  L
 0.803032143  11  5  3  L
 0.833896537  11  4  3  L
 0.864184798  11  3  3  L
 0.877083349  11  2  3  L
 0.895396121  11  1  3  L
 0.918563851  11  1  4  L
 0.948725048  11  2  4  L
 0.981511483  11  2  3  L
 0.995441605  11  2  4  L
 1.021982571  11  2  5  L
 1.049771410  11  3  5  L
 1.079210367  11  4  5  L
 1.116787724  11  4  6  L
 1.134844493  11  3  6  L
 1.166860808  11  2  6  L
 1.187406323  11  2  5  L
 1.229488262  11  1  5  L
 1.258329780  11  1  6  L
 1.303887919  11  0  6  L
 1.353075977  11  0  7  L
 1.384828401  11  1  7  L
 1.422768656  11  1  6  L
 1.452445831  11  2  6  L
 1.488371917  11  3  6  L
 1.535848518  11  4  6  L
 1.553975555  11  3  6  L
 1.579990596  11  3  5  L
 1.592486267  11  2  5  L
 0.000000000  1  12  6  B
 0.000406333  1  13  6  B
 0.011009763  1  13  5  B
 0.058524182  1  13  6  B
 0.086201511  1  14  6  B
 0.121057881  1  13  6  B
 0.142300243  1  14  6  B
 0.175073172  1  14  5  B
 0.187171827  1  14  4  B
 0.226561739  1  0  4  B
 0.275863662  1  0  5  B
 0.298247615  1  0  4  B
 0.325170365  1  1  4  B
 0.347391350  1  1  3  B
 0.361792237  1  0  3  B
 0.384650774  1  0  4  B
 0.431363108  1  0  3  B
 0.466293502  1  1  3  B
 0.493993468  1  0  3  B
 0.528175910  1  0  2  B
 0.559060027  1  0  3  B
 0.577597646  1  0  2  B
 0.590688224  1  0  3  B
 0.624752081  1  0  4  B
 0.637280334  1  0  5  B
 0.669443644  1  14  5  B
 0.710443651  1  14  6  B
 0.755202908  1  14  5  B
 0.785471484  1  13  5  B
 0.815060355  1  12  5  B
 0.850951446  1  11  5  B
 0.884433804  1  11  6  B
 0.931517262  1  12  6  B
 0.965348084  1  11  6  B
 0.995534930  1  11  5  B
 1.042244422  1  10  5  B
 1.080460526  1  11  5  B
 1.105473271  1  11  6  B
 1.122441759  1  12  6  B
 1.159567824  1  12  5  B
 1.173211465  1  11  5  B
 1.222156725  1  10  5  B
 1.236922550  1  10  4  B
 1.274997650  1  11  4  B
 1.306819205  1  10  4  B
 1.320979337  1  10  3  B
 1.336179586  1  9  3  B
 1.372085277  1  9  2  B
 1.388093445  1  9  1  B
 1.415921459  1  10  1  B
 1.463647071  1  10  2  B
 1.479665887  1  11  2  B
 1.527836153  1  11  1  B
 1.556578068  1  11  0  B
 1.571670752  1  12  0  B
 1.590192625  1  12  1  B
 1.616778014  1  13  1  B
 1.650624051  1  13  2  B
 1.699376354  1  14  2  B
 1.733497209  1  0  2  B
 1.771622620  1  0  3  B
 1.800117834  1  0  2  B
 1.818490847  1  0  1  B
 1.837657103  1  0  0  B
 1.852436859  1  0  1  B
 1.867274241  1  0  0  B
 1.884886942  1  0  14  B
 1.913180355  1  1  14  B
 1.934395267  1  2  14  B
 0.000000000  14  2  3  O
 0.000492422  14  1  3  O
 0.032559051  14  1  4  O
 0.049045307  14  1  3  O
 0.086010335  14  1  4  O
 0.102317728  14  0  4  O
 0.119451253  14  0  3  O
 0.165848392  14  0  2  O
 0.209055115  14  14  2  O
 0.255407656  14  14  1  O
 0.287309372  14  13  1  O
 0.328187417  14  13  2  O
 0.375034731  14  12  2  O
 0.385674431  14  11  2  O
 0.416682476  14  12  2  O
 0.430306930  14  11  2  O
 0.473603120  14  10  2  O
 0.498230573  14  9  2  O
 0.521003907  14  8  2  O
 0.562981584  14  8  3  O
 0.596982196  14  8  4  O
 0.616646321  14  8  3  O
 0.641995558  14  9  3  O
 0.669746832  14  9  2  O
 0.716165162  14  8  2  O
 0.738791655  14  9  2  O
 0.766414301  14  10  2  O
 0.780586848  14  10  3  O
 0.801247992  14  10  4  O
 0.841375259  14  9  4  O
 0.866675900  14  8  4  O
 0.880453762  14  8  5  O
 0.894080242  14  8  6  O
 0.931588523  14  7  6  O
 0.946948251  14  6  6  O
 0.965841742  14  6  5  O
 0.995480006  14  6  6  O
 1.045272499  14  7  6  O
 1.068902560  14  7  7  O
 1.118702411  14  8  7  O
 1.167437870  14  7  7  O
 1.199180386  14  7  8  O
 1.234784642  14  7  9  O
 1.267066734  14  8  9  O
 1.303439290  14  7  9  O
 1.343774710  14  6  9  O
 1.374873942  14  6  8  O
 1.391682013  14  7  8  O
 1.418425281  14  8  8  O
 1.433141839  14  9  8  O
 1.460289916  14  10  8  O
 1.470547306  14  9  8  O
 1.501339965  14  8  8  O
 1.528574716  14  8  7  O
 1.556668377  14  8  8  O
 1.585580718  14  8  9  O
 1.606574594  14  8  10  O
 1.637838983  14  8  9  O
 1.684167584  14  7  9  O
 1.699523450  14  7  8  O
 1.741366157  14  7  9  O
 1.760354626  14  8  9  O
 1.781866582  14  8  8  O
 1.816651610  14  8  9  O
 1.844949031  14  7  9  O
 1.868059347  14  6  9  O
 1.895111709  14  5  9  O
 1.939173809  14  6  9  O
 1.958548239  14  6  8  O
 1.979172329  14  6  7  O
 0.000000000  3  5  3  D
 0.000421637  3  5  4  D
 0.029311241  3  5  5  D
 0.065093269  3  6  5  D
 0.108715711  3  6  6  D
 0.121523530  3  6  5  D
 0.138963108  3  7  5  D
 0.178714726  3  7  6  D
 0.197820737  3  7  5  D
 0.213271000  3  6  5  D
 0.235103742  3  6  6  D
 0.281426953  3  5  6  D
 0.297379923  3  5  5  D
 0.342646465  3  4  5  D
 0.364457812  3  3  5  D
 0.409066508  3  3  4  D
 0.458901703  3  3  5  D
 0.478788050  3  2  5  D
 0.525174758  3  2  4  D
 0.549311763  3  3  4  D
 0.588017761  3  2  4  D
 0.629567531  3  1  4  D
 0.657646780  3  0  4  D
 0.679997828  3  14  4  D
 0.725406444  3  13  4  D
 0.741331110  3  12  4  D
 0.758435693  3  13  4  D
 0.784630905  3  13  5  D
 0.807679529  3  13  6  D
 0.834600196  3  13  7  D
 0.872072112  3  13  6  D
 0.907926489  3  13  5  D
 0.923228180  3  12  5  D
 0.936803692  3  12  4  D
 0.973134460  3  13  4  D
 0.989977004  3  14  4  D
 1.037125881  3  14  5  D
 1.051116937  3  13  5  D
 1.063320494  3  13  6  D
 1.084226596  3  13  5  D
 1.108062263  3  13  6  D
 1.157488561  3  13  7  D
 1.171978534  3  13  6  D
 1.205385730  3  12  6  D
 1.217463677  3  12  7  D
 1.248571314  3  12  8  D
 1.287148705  3  12  7  D
 1.307995190  3  13  7  D
 1.324868680  3  13  6  D
 1.374647908  3  12  6  D
 1.400090789  3  12  5  D
 1.439623247  3  12  4  D
 1.461998512  3  11  4  D
 1.510775891  3  12  4  D
 1.524899725  3  12  3  D
 1.550811900  3  12  4  D
 1.591892538  3  11  4  D
 1.631658158  3  11  5  D
 1.642936904  3  10  5  D
 1.685052795  3  10  6  D
 1.699323385  3  10  7  D
 1.744390394  3  10  8  D
 1.770588148  3  10  7  D
 1.802660829  3  11  7  D
 1.829079213  3  11  6  D
 1.846995253  3  10  6  D
 1.875697419  3  10  7  D
 1.897849282  3  10  8  D
 1.928879146  3  9  8  D
 1.954185667  3  8  8  D
 2.000625225  3  7  8  D
 2.031324078  3  7  7  D
 2.055592777  3  7  6  D
 2.095318744  3  7  5  D
 0.000000000  6  4  2  G
 0.000441630  6  5  2  G
 0.029447301  6  5  1  G
 0.043589610  6  5  0  G
 0.059055456  6  5  1  G
 0.084279497  6  6  1  G
 0.118478254  6  5  1  G
 0.139661003  6  6  1  G
 0.160548830  6  6  0  G
 0.178916410  6  5  0  G
 0.190595353  6  6  0  G
 0.240591453  6  6  1  G
 0.262330516  6  6  0  G
 0.307328331  6  6  1  G
 0.325190110  6  5  1  G
 0.359375045  6  4  1  G
 0.398055778  6  5  1  G
 0.410099395  6  6  1  G
 0.430776724  6  7  1  G
 0.478769437  6  8  1  G
 0.523983737  6  8  0  G
 0.567417766  6  8  1  G
 0.602854772  6  7  1  G
 0.639584396  6  8  1  G
 0.659299097  6  9  1  G
 0.690496366  6  9  0  G
 0.710641303  6  10  0  G
 0.729885140  6  9  0  G
 0.757648514  6  8  0  G
 0.769345151  6  9  0  G
 0.799286402  6  10  0  G
 0.811293512  6  10  14  G
 0.831134907  6  11  14  G
 0.868143521  6  12  14  G
 0.898073152  6  11  14  G
 0.935316769  6  12  14  G
 0.981701005  6  11  14  G
 1.021310530  6  11  0  G
 1.049495283  6  10  0  G
 1.061533188  6  10  14  G
 1.072485086  6  11  14  G
 1.087195155  6  11  13  G
 1.129213471  6  11  12  G
 1.147264261  6  11  13  G
 1.177734625  6  11  14  G
 1.217792368  6  11  13  G
 1.240283737  6  12  13  G
 1.274529520  6  11  13  G
 1.318312935  6  12  13  G
 1.341382855  6  11  13  G
 1.354685517  6  11  14  G
 1.381035159  6  11  13  G
 1.413310417  6  11  14  G
 1.455133450  6  10  14  G
 1.484304121  6  10  13  G
 1.500676274  6  9  13  G
 1.526758695  6  9  14  G
 1.573702839  6  9  0  G
 1.601777317  6  8  0  G
 1.623289877  6  8  14  G
 1.652858559  6  8  0  G
 1.671900663  6  9  0  G
 1.693381752  6  9  14  G
 1.736313466  6  9  0  G
 1.784982215  6  9  14  G
 1.800117829  6  9  0  G
 1.839258293  6  10  0  G
 1.856051953  6  9  0  G
 1.901463688  6  8  0  G
 1.941910731  6  8  1  G
 1.968017826  6  9  1  G
 2.015290278  6  8  1  G
 2.042657546  6  8  2  G
 2.084526048  6  9  2  G
 2.132661983  6  8  2  G
 2.142828193  6  8  3  G
 2.155904656  6  8  2  G
 2.194257840  6  9  2  G
 0.000000000  13  12  12  N
 0.000486364  13  11  12  N
 0.040298441  13  11  13  N
 0.084372570  13  11  14  N
 0.113681524  13  12  14  N
 0.146978864  13  12  0  N
 0.163546439  13  12  1  N
 0.186454099  13  12  2  N
 0.230646419  13  11  2  N
 0.275959600  13  12  2  N
 0.289932692  13  12  3  N
 0.316128230  13  12  4  N
 0.329611256  13  12  3  N
 0.341615048  13  12  4  N
 0.356138023  13  13  4  N
 0.381607635  13  14  4  N
 0.414736553  13  13  4  N
 0.453656823  13  12  4  N
 0.481122822  13  12  3  N
 0.527949432  13  11  3  N
 0.559461126  13  11  4  N
 0.594972009  13  11  5  N
 0.611779066  13  10  5  N
 0.645070966  13  10  4  N
 0.693224230  13  11  4  N
 0.734701019  13  11  5  N
 0.754332371  13  11  4  N
 0.788352742  13  11  3  N
 0.817933232  13  11  4  N
 0.850190389  13  10  4  N
 0.885065118  13  11  4  N
 0.896848949  13  11  3  N
 0.943877949  13  11  2  N
 0.962684640  13  10  2  N
 0.985303676  13  10  1  N
 1.022224316  13  11  1  N
 1.050728174  13  11  2  N
 1.080671049  13  10  2  N
 1.090940228  13  10  1  N
 1.136515227  13  10  0  N
 1.167145016  13  10  1  N
 1.179211005  13  9  1  N
 1.189596028  13  9  0  N
 1.237455675  13  9  14  N
 1.280492952  13  9  0  N
 1.303364861  13  9  1  N
 1.336169359  13  9  2  N
 1.359897296  13  8  2  N
 1.376568560  13  8  1  N
 1.413680909  13  7  1  N
 1.425171174  13  8  1  N
 1.443271768  13  8  2  N
 1.487600880  13  8  1  N
 1.530611231  13  9  1  N
 1.541849473  13  8  1  N
 1.557574195  13  8  0  N
 1.595118019  13  8  1  N
 1.614203402  13  8  2  N
 1.648326930  13  8  3  N
 1.661055173  13  8  2  N
 1.700145242  13  7  2  N
 1.739363349  13  7  1  N
 1.754739347  13  8  1  N
 1.783530364  13  8  0  N
 1.832586124  13  9  0  N
 1.862033251  13  8  0  N
 1.885272894  13  9  0  N
 1.900587200  13  9  14  N
 1.911600382  13  10  14  N
 1.947888786  13  11  14  N
 1.983931488  13  11  0  N
 2.033361989  13  11  14  N
 2.051175897  13  11  0  N
 2.101387336  13  10  0  N
 2.114667391  13  10  1  N
 2.155748231  13  9  1  N
 2.167957715  13  9  2  N
 2.194275706  13  8  2  N
 0.000000000  2  13  7  C
 0.000414103  2  13  6  C
 0.031098544  2  14  6  C
 0.071522226  2  13  6  C
 0.094813553  2  13  5  C
 0.122776194  2  13  6  C
 0.156158780  2  12  6  C
 0.200218734  2  12  7  C
 0.230693454  2  12  8  C
 0.261263210  2  12  7  C
 0.281162612  2  12  8  C
 0.310178691  2  12  9  C
 0.352065666  2  11  9  C
 0.387129783  2  11  10  C
 0.414781235  2  11  11  C
 0.428054002  2  12  11  C
 0.468001816  2  12  10  C
 0.479060535  2  13  10  C
 0.519079624  2  14  10  C
 0.534017049  2  0  10  C
 0.559205775  2  1  10  C
 0.575121779  2  1  9  C
 0.599551468  2  0  9  C
 0.647349702  2  0  8  C
 0.670520185  2  14  8  C
 0.713422383  2  13  8  C
 0.761003422  2  13  7  C
 0.805757419  2  13  6  C
 0.852571233  2  14  6  C
 0.896885949  2  13  6  C
 0.946475964  2  13  5  C
 0.971091117  2  12  5  C
 0.998338586  2  12  4  C
 1.032440580  2  12  5  C
 1.052977357  2  12  4  C
 1.089575238  2  12  3  C
 1.106603785  2  12  4  C
 1.119398405  2  13  4  C
 1.165462341  2  14  4  C
 1.205848533  2  14  5  C
 1.218284086  2  14  4  C
 1.231996695  2  14  3  C
 1.278725585  2  14  2  C
 1.303851179  2  13  2  C
 1.329608822  2  12  2  C
 1.350020673  2  12  3  C
 1.392135461  2  12  4  C
 1.405749227  2  13  4  C
 1.449283542  2  13  3  C
 1.463443625  2  12  3  C
 1.488225901  2  11  3  C
 1.519788779  2  10  3  C
 1.538076828  2  10  4  C
 1.561670118  2  9  4  C
 1.578076593  2  9  5  C
 1.617714498  2  9  6  C
 1.643438260  2  9  5  C
 1.661261647  2  10  5  C
 1.685625477  2  10  4  C
 1.733970230  2  10  3  C
 1.758768554  2  10  2  C
 1.807565190  2  10  3  C
 1.854116312  2  10  4  C
 1.887195048  2  9  4  C
 1.920999506  2  8  4  C
 1.959776376  2  9  4  C
 1.971642887  2  9  5  C
 2.000418822  2  8  5  C
 2.023777865  2  8  6  C
 2.042246091  2  8  7  C
 2.065920597  2  8  8  C
 2.104005861  2  9  8  C
 2.117501940  2  10  8  C
 2.164786263  2  10  9  C
 2.180483226  2  10  8  C
 2.197196430  2  9  8  C
 2.230327597  2  9  7  C
 2.242385169  2  9  8  C
 2.267574718  2  10  8  C
 2.292316989  2  10  9  C
 2.326128052  2  11  9  C
 2.373144054  2  11  8  C
 2.418267302  2  11  7  C
 2.459178532  2  11  8  C
 2.509071831  2  11  9  C
 2.556897305  2  11  8  C
 2.599569947  2  11  7  C
 2.641010145  2  10  7  C
 2.659135499  2  11  7  C
 2.689455327  2  11  6  C
 2.702389963  2  11  5  C
 2.744021963  2  12  5  C
 2.761866977  2  12  4  C
 2.807334035  2  12  3  C
 2.846858878  2  12  4  C
 0.000000000  5  10  9  F
 0.000435133  5  11  9  F
 0.012902216  5  10  9  F
 0.057768861  5  10  10  F
 0.083045375  5  10  9  F
 0.118357867  5  10  10  F
 0.157150064  5  11  10  F
 0.203165101  5  11  9  F
 0.235452074  5  11  10  F
 0.284836337  5  11  9  F
 0.316313262  5  11  8  F
 0.356392810  5  11  7  F
 0.404097681  5  11  6  F
 0.443277508  5  12  6  F
 0.476909660  5  11  6  F
 0.500537476  5  10  6  F
 0.520063723  5  9  6  F
 0.544676073  5  9  5  F
 0.579062596  5  10  5  F
 0.628080943  5  9  5  F
 0.668369386  5  8  5  F
 0.689813368  5  8  6  F
 0.711871992  5  8  5  F
 0.742166875  5  8  4  F
 0.768606322  5  8  3  F
 0.797291427  5  9  3  F
 0.844636956  5  10  3  F
 0.880624135  5  11  3  F
 0.920412778  5  11  2  F
 0.947860708  5  10  2  F
 0.986764188  5  11  2  F
 1.016880243  5  11  1  F
 1.049521267  5  11  2  F
 1.084550389  5  11  3  F
 1.113913343  5  11  4  F
 1.125549199  5  11  3  F
 1.141408306  5  12  3  F
 1.175559245  5  12  4  F
 1.219200056  5  11  4  F
 1.264879255  5  12  4  F
 1.281583636  5  11  4  F
 1.327097338  5  10  4  F
 1.359108161  5  10  3  F
 1.379880092  5  11  3  F
 1.418122990  5  11  2  F
 1.444249900  5  12  2  F
 1.481023778  5  12  1  F
 1.515034113  5  12  2  F
 1.563286611  5  11  2  F
 1.573552731  5  11  1  F
 1.614903173  5  11  2  F
 1.630801549  5  11  3  F
 1.658148501  5  11  2  F
 1.669972882  5  11  3  F
 1.695204739  5  11  4  F
 1.729824962  5  11  3  F
 1.748498840  5  12  3  F
 1.775332683  5  12  2  F
 1.817875994  5  12  3  F
 1.833766453  5  12  4  F
 1.846811568  5  12  5  F
 1.866489775  5  13  5  F
 1.878188758  5  14  5  F
 1.924344520  5  14  6  F
 1.967719327  5  0  6  F
 2.016557354  5  0  5  F
 2.055698302  5  0  6  F
 2.101104402  5  1  6  F
 2.140724342  5  1  7  F
 2.190170094  5  2  7  F
 2.237027243  5  1  7  F
 2.275231273  5  1  6  F
 2.307851421  5  1  7  F
 2.356012764  5  1  6  F
 2.403607868  5  2  6  F
 2.425541255  5  2  7  F
 2.456019591  5  2  6  F
 2.497635777  5  1  6  F
 2.535133449  5  1  5  F
 2.552687223  5  0  5  F
 2.589373597  5  0  6  F
 2.611179114  5  1  6  F
 2.645163422  5  2  6  F
 2.682186598  5  3  6  F
 2.726247676  5  2  6  F
 2.751725389  5  1  6  F
 2.774732578  5  0  6  F
 2.796503636  5  1  6  F
 2.840843029  5  1  5  F
 2.873684639  5  0  5  F
 2.912825766  5  0  4  F
 2.943847339  5  0  5  F
 2.982548715  5  0  6  F
 3.016145537  5  1  6  F
 3.028070160  5  2  6  F
 3.060941114  5  2  5  F
 3.086894384  5  1  5  F
 3.116480339  5  1  4  F
 3.130854257  5  2  4  F
 3.144712167  5  3  4  F
