 0.000816610  6  6  0  G
 0.035178375  6  6  1  G
 0.035178496  6  6  2  G
 0.045486010  6  6  3  G
 0.045486121  6  6  0  G
 0.093379529  6  6  1  G
 0.093380261  6  6  2  G
 0.133707979  6  6  3  G
 0.133708888  6  6  0  G
 0.163292676  6  6  1  G
 0.163293710  6  6  2  G
 0.180126952  6  6  3  G
 0.180128145  6  6  0  G
 0.216533412  6  6  1  G
 0.216533997  6  6  2  G
 0.244832100  6  6  3  G
 0.244832498  6  6  0  G
 0.263239262  6  6  1  G
 0.263239836  6  6  2  G
 0.292416130  6  6  3  G
 0.292416800  6  6  0  G
 0.311050358  6  6  1  G
 0.311051843  6  6  2  G
 0.342319521  6  6  3  G
 0.342320164  6  6  0  G
 0.391015366  6  6  1  G
 0.391015606  6  6  2  G
 0.437963521  6  6  3  G
 0.437963775  6  6  0  G
 0.478873727  6  6  1  G
 0.478873983  6  6  2  G
 0.489090124  6  6  3  G
 0.489090436  6  6  0  G
 0.507812670  6  6  1  G
 0.507813202  6  6  2  G
 0.549257817  6  6  3  G
 0.549258479  6  6  0  G
 0.563070125  6  6  1  G
 0.563070621  6  6  2  G
 0.604250216  6  6  3  G
 0.604251353  6  6  0  G
 0.626648447  6  6  1  G
 0.626649080  6  6  2  G
 0.637797982  6  6  3  G
 0.637799105  6  6  0  G
 0.660504391  6  6  1  G
 0.660505072  6  6  2  G
 0.673212691  6  6  3  G
 0.673213828  6  6  0  G
 0.000864825  9  9  0  J
 0.049618927  9  9  1  J
 0.049619006  9  9  2  J
 0.069099321  9  9  3  J
 0.069099863  9  9  0  J
 0.107851943  9  9  1  J
 0.107853088  9  9  2  J
 0.156314167  9  9  3  J
 0.156315645  9  9  0  J
 0.178610156  9  9  1  J
 0.178611219  9  9  2  J
 0.204367471  9  9  3  J
 0.204368385  9  9  0  J
 0.225562128  9  9  1  J
 0.225562654  9  9  2  J
 0.261582096  9  9  3  J
 0.261582630  9  9  0  J
 0.277558970  9  9  1  J
 0.277559547  9  9  2  J
 0.288831637  9  9  3  J
 0.288832137  9  9  0  J
 0.304261245  9  9  1  J
 0.304262391  9  9  2  J
 0.317027163  9  9  3  J
 0.317028294  9  9  0  J
 0.332078492  9  9  1  J
 0.332079084  9  9  2  J
 0.347722339  9  9  3  J
 0.347723444  9  9  0  J
 0.378343688  9  9  1  J
 0.378344306  9  9  2  J
 0.414659456  9  9  3  J
 0.414659672  9  9  0  J
 0.464111910  9  9  1  J
 0.464112324  9  9  2  J
 0.482717659  9  9  3  J
 0.482717779  9  9  0  J
 0.502067188  9  9  1  J
 0.502067445  9  9  2  J
 0.542546560  9  9  3  J
 0.542547030  9  9  0  J
 0.565641498  9  9  1  J
 0.565641862  9  9  2  J
 0.598882834  9  9  3  J
 0.598883892  9  9  0  J
 0.618569565  9  9  1  J
 0.618570643  9  9  2  J
 0.642722327  9  9  3  J
 0.642723451  9  9  0  J
 0.679426281  9  9  1  J
 0.679426849  9  9  2  J
 0.707914277  9  9  3  J
 0.707914846  9  9  0  J
 0.752532198  9  9  1  J
 0.752532694  9  9  2  J
 0.763234332  9  9  3  J
 0.763234643  9  9  0  J
 0.000850534  7  7  0  H
 0.034853067  7  7  1  H
 0.034853177  7  7  2  H
 0.084063978  7  7  3  H
 0.084064094  7  7  0  H
 0.130688416  7  7  1  H
 0.130689087  7  7  2  H
 0.172240107  7  7  3  H
 0.172241287  7  7  0  H
 0.208570585  7  7  1  H
 0.208571573  7  7  2  H
 0.235516846  7  7  3  H
 0.235517387  7  7  0  H
 0.282687562  7  7  1  H
 0.282688437  7  7  2  H
 0.325882556  7  7  3  H
 0.325883121  7  7  0  H
 0.343169200  7  7  1  H
 0.343170201  7  7  2  H
 0.362156485  7  7  3  H
 0.362157083  7  7  0  H
 0.390487633  7  7  1  H
 0.390487845  7  7  2  H
 0.425398311  7  7  3  H
 0.425398621  7  7  0  H
 0.467973072  7  7  1  H
 0.467973476  7  7  2  H
 0.490500215  7  7  3  H
 0.490500516  7  7  0  H
 0.516515248  7  7  1  H
 0.516515779  7  7  2  H
 0.554682274  7  7  3  H
 0.554682600  7  7  0  H
 0.590733918  7  7  1  H
 0.590735058  7  7  2  H
 0.621977908  7  7  3  H
 0.621978994  7  7  0  H
 0.638693518  7  7  1  H
 0.638694621  7  7  2  H
 0.676616267  7  7  3  H
 0.676617154  7  7  0  H
 0.691867777  7  7  1  H
 0.691868894  7  7  2  H
 0.716624292  7  7  3  H
 0.716625436  7  7  0  H
 0.747597720  7  7  1  H
 0.747598630  7  7  2  H
 0.767490308  7  7  3  H
 0.767490485  7  7  0  H
 0.000923842  13  13  0  N
 0.017948291  13  13  1  N
 0.017948674  13  13  2  N
 0.041943267  13  13  3  N
 0.041943640  13  13  0  N
 0.080049259  13  13  1  N
 0.080049966  13  13  2  N
 0.111984098  13  13  3  N
 0.111985174  13  13  0  N
 0.144864528  13  13  1  N
 0.144865612  13  13  2  N
 0.182206175  13  13  3  N
 0.182207324  13  13  0  N
 0.201876597  13  13  1  N
 0.201877802  13  13  2  N
 0.227526609  13  13  3  N
 0.227527166  13  13  0  N
 0.253089210  13  13  1  N
 0.253089420  13  13  2  N
 0.269577327  13  13  3  N
 0.269577859  13  13  0  N
 0.294648488  13  13  1  N
 0.294649103  13  13  2  N
 0.324698003  13  13  3  N
 0.324698886  13  13  0  N
 0.369934802  13  13  1  N
 0.369935949  13  13  2  N
 0.410873574  13  13  3  N
 0.410874176  13  13  0  N
 0.438065078  13  13  1  N
 0.438065236  13  13  2  N
 0.487479499  13  13  3  N
 0.487479624  13  13  0  N
 0.503484159  13  13  1  N
 0.503484399  13  13  2  N
 0.537152306  13  13  3  N
 0.537153273  13  13  0  N
 0.576960960  13  13  1  N
 0.576961524  13  13  2  N
 0.624404025  13  13  3  N
 0.624405081  13  13  0  N
 0.665002554  13  13  1  N
 0.665003686  13  13  2  N
 0.708696643  13  13  3  N
 0.708697773  13  13  0  N
 0.753337560  13  13  1  N
 0.753338127  13  13  2  N
 0.785631532  13  13  3  N
 0.785631656  13  13  0  N
 0.822086350  13  13  1  N
 0.822086868  13  13  2  N
 0.863515300  13  13  3  N
 0.863516508  13  13  0  N
 0.887517146  13  13  1  N
 0.887518282  13  13  2  N
 0.918526083  13  13  3  N
 0.918527017  13  13  0  N
 0.000794796  3  3  0  D
 0.021217067  3  3  1  D
 0.021217183  3  3  2  D
 0.043640277  3  3  3  D
 0.043640399  3  3  0  D
 0.065033518  3  3  1  D
 0.065034376  3  3  2  D
 0.103099230  3  3  3  D
 0.103100321  3  3  0  D
 0.146897023  3  3  1  D
 0.146898390  3  3  2  D
 0.158975638  3  3  3  D
 0.158976235  3  3  0  D
 0.203079832  3  3  1  D
 0.203080423  3  3  2  D
 0.221874560  3  3  3  D
 0.221875060  3  3  0  D
 0.271608415  3  3  1  D
 0.271609276  3  3  2  D
 0.318643776  3  3  3  D
 0.318644885  3  3  0  D
 0.340249777  3  3  1  D
 0.340250454  3  3  2  D
 0.387888867  3  3  3  D
 0.387889905  3  3  0  D
 0.417992165  3  3  1  D
 0.417992643  3  3  2  D
 0.444968547  3  3  3  D
 0.444968976  3  3  0  D
 0.487158999  3  3  1  D
 0.487159105  3  3  2  D
 0.518344769  3  3  3  D
 0.518344961  3  3  0  D
 0.532480624  3  3  1  D
 0.532481063  3  3  2  D
 0.564868323  3  3  3  D
 0.564869093  3  3  0  D
 0.579156960  3  3  1  D
 0.579157583  3  3  2  D
 0.601051240  3  3  3  D
 0.601052295  3  3  0  D
 0.631296615  3  3  1  D
 0.631297634  3  3  2  D
 0.647734151  3  3  3  D
 0.647735279  3  3  0  D
 0.688235974  3  3  1  D
 0.688236587  3  3  2  D
 0.708875230  3  3  3  D
 0.708875699  3  3  0  D
 0.737457718  3  3  1  D
 0.737458309  3  3  2  D
 0.779363385  3  3  3  D
 0.779363534  3  3  0  D
 0.819477734  3  3  1  D
 0.819478190  3  3  2  D
 0.867586726  3  3  3  D
 0.867587310  3  3  0  D
 0.914657498  3  3  1  D
 0.914658617  3  3  2  D
 0.962274019  3  3  3  D
 0.962274857  3  3  0  D
 0.979084034  3  3  1  D
 0.979084439  3  3  2  D
 0.999784237  3  3  3  D
 0.999784480  3  3  0  D
 0.000754605  1  1  0  B
 0.027110427  1  1  1  B
 0.027110927  1  1  2  B
 0.047938253  1  1  3  B
 0.047938383  1  1  0  B
 0.089033305  1  1  1  B
 0.089034385  1  1  2  B
 0.126260448  1  1  3  B
 0.126263451  1  1  0  B
 0.168905442  1  1  1  B
 0.168906047  1  1  2  B
 0.209119102  1  1  3  B
 0.209120028  1  1  0  B
 0.220164769  1  1  1  B
 0.220165642  1  1  2  B
 0.242855267  1  1  3  B
 0.242855665  1  1  0  B
 0.278370398  1  1  1  B
 0.278370715  1  1  2  B
 0.311451918  1  1  3  B
 0.311452521  1  1  0  B
 0.359914182  1  1  1  B
 0.359915427  1  1  2  B
 0.392317981  1  1  3  B
 0.392318215  1  1  0  B
 0.425766316  1  1  1  B
 0.425766472  1  1  2  B
 0.457597677  1  1  3  B
 0.457598040  1  1  0  B
 0.471925794  1  1  1  B
 0.471925902  1  1  2  B
 0.517266851  1  1  3  B
 0.517267013  1  1  0  B
 0.555021988  1  1  1  B
 0.555022297  1  1  2  B
 0.605030025  1  1  3  B
 0.605030669  1  1  0  B
 0.633140174  1  1  1  B
 0.633141179  1  1  2  B
 0.657190675  1  1  3  B
 0.657192054  1  1  0  B
 0.702810249  1  1  1  B
 0.702810864  1  1  2  B
 0.725858542  1  1  3  B
 0.725859181  1  1  0  B
 0.756071956  1  1  1  B
 0.756072559  1  1  2  B
 0.773529441  1  1  3  B
 0.773529674  1  1  0  B
 0.801975720  1  1  1  B
 0.801976106  1  1  2  B
 0.851950769  1  1  3  B
 0.851951375  1  1  0  B
 0.871032155  1  1  1  B
 0.871032764  1  1  2  B
 0.893401997  1  1  3  B
 0.893403137  1  1  0  B
 0.935929553  1  1  1  B
 0.935930169  1  1  2  B
 0.981965204  1  1  3  B
 0.981965557  1  1  0  B
 0.992502029  1  1  1  B
 0.992502536  1  1  2  B
 1.013185047  1  1  3  B
 1.013185228  1  1  0  B
 0.000761491  2  2  0  C
 0.045308643  2  2  1  C
 0.045309068  2  2  2  C
 0.085659635  2  2  3  C
 0.085660623  2  2  0  C
 0.129359032  2  2  1  C
 0.129359648  2  2  2  C
 0.147651284  2  2  3  C
 0.147652260  2  2  0  C
 0.197624152  2  2  1  C
 0.197625323  2  2  2  C
 0.219960189  2  2  3  C
 0.219960690  2  2  0  C
 0.266697963  2  2  1  C
 0.266698505  2  2  2  C
 0.297117116  2  2  3  C
 0.297118526  2  2  0  C
 0.337326742  2  2  1  C
 0.337327862  2  2  2  C
 0.379730576  2  2  3  C
 0.379731721  2  2  0  C
 0.399492952  2  2  1  C
 0.399493098  2  2  2  C
 0.445092239  2  2  3  C
 0.445092352  2  2  0  C
 0.468346290  2  2  1  C
 0.468346403  2  2  2  C
 0.499927152  2  2  3  C
 0.499927322  2  2  0  C
 0.516534512  2  2  1  C
 0.516534747  2  2  2  C
 0.547619730  2  2  3  C
 0.547620263  2  2  0  C
 0.591043863  2  2  1  C
 0.591044474  2  2  2  C
 0.614355737  2  2  3  C
 0.614356353  2  2  0  C
 0.654279844  2  2  1  C
 0.654280861  2  2  2  C
 0.697331743  2  2  3  C
 0.697333214  2  2  0  C
 0.708697110  2  2  1  C
 0.708697948  2  2  2  C
 0.731908396  2  2  3  C
 0.731909066  2  2  0  C
 0.776220430  2  2  1  C
 0.776220635  2  2  2  C
 0.825289477  2  2  3  C
 0.825289652  2  2  0  C
 0.872577749  2  2  1  C
 0.872578356  2  2  2  C
 0.902146201  2  2  3  C
 0.902147317  2  2  0  C
 0.945485199  2  2  1  C
 0.945485821  2  2  2  C
 0.975945671  2  2  3  C
 0.975946345  2  2  0  C
 0.994520790  2  2  1  C
 0.994520952  2  2  2  C
 1.024146154  2  2  3  C
 1.024146396  2  2  0  C
 1.045890919  2  2  1  C
 1.045891085  2  2  2  C
 1.080376929  2  2  3  C
 1.080377059  2  2  0  C
 0.000809367  5  5  0  F
 0.036632235  5  5  1  F
 0.036632331  5  5  2  F
 0.084006452  5  5  3  F
 0.084007439  5  5  0  F
 0.111166341  5  5  1  F
 0.111167379  5  5  2  F
 0.126939844  5  5  3  F
 0.126940763  5  5  0  F
 0.137106373  5  5  1  F
 0.137107088  5  5  2  F
 0.167068141  5  5  3  F
 0.167069234  5  5  0  F
 0.178984297  5  5  1  F
 0.178985334  5  5  2  F
 0.191745995  5  5  3  F
 0.191747103  5  5  0  F
 0.227428120  5  5  1  F
 0.227429079  5  5  2  F
 0.263239280  5  5  3  F
 0.263239788  5  5  0  F
 0.288746040  5  5  1  F
 0.288747081  5  5  2  F
 0.301536378  5  5  3  F
 0.301537467  5  5  0  F
 0.349684626  5  5  1  F
 0.349685806  5  5  2  F
 0.397863142  5  5  3  F
 0.397863451  5  5  0  F
 0.425288681  5  5  1  F
 0.425289090  5  5  2  F
 0.436610314  5  5  3  F
 0.436611225  5  5  0  F
 0.446875577  5  5  1  F
 0.446875687  5  5  2  F
 0.496571765  5  5  3  F
 0.496571998  5  5  0  F
 0.543765590  5  5  1  F
 0.543765987  5  5  2  F
 0.579095632  5  5  3  F
 0.579096798  5  5  0  F
 0.600651584  5  5  1  F
 0.600652064  5  5  2  F
 0.615532041  5  5  3  F
 0.615533459  5  5  0  F
 0.635941947  5  5  1  F
 0.635943015  5  5  2  F
 0.673332050  5  5  3  F
 0.673332657  5  5  0  F
 0.692242969  5  5  1  F
 0.692243533  5  5  2  F
 0.736240913  5  5  3  F
 0.736241513  5  5  0  F
 0.777789207  5  5  1  F
 0.777789346  5  5  2  F
 0.809646126  5  5  3  F
 0.809646534  5  5  0  F
 0.847694760  5  5  1  F
 0.847695615  5  5  2  F
 0.880401129  5  5  3  F
 0.880402399  5  5  0  F
 0.895402045  5  5  1  F
 0.895402781  5  5  2  F
 0.908671656  5  5  3  F
 0.908672311  5  5  0  F
 0.954380214  5  5  1  F
 0.954381327  5  5  2  F
 0.974576850  5  5  3  F
 0.974577661  5  5  0  F
 1.009145104  5  5  1  F
 1.009145270  5  5  2  F
 1.047885844  5  5  3  F
 1.047885951  5  5  0  F
 1.066654902  5  5  1  F
 1.066655011  5  5  2  F
 1.079206877  5  5  3  F
 1.079207041  5  5  0  F
 1.089922462  5  5  1  F
 1.089922617  5  5  2  F
 1.109868835  5  5  3  F
 1.109869009  5  5  0  F
 0.000916963  12  12  0  M
 0.034471042  12  12  1  M
 0.034471193  12  12  2  M
 0.061816540  12  12  3  M
 0.061816689  12  12  0  M
 0.072026884  12  12  1  M
 0.072027465  12  12  2  M
 0.117290390  12  12  3  M
 0.117291563  12  12  0  M
 0.133998753  12  12  1  M
 0.133999557  12  12  2  M
 0.182688021  12  12  3  M
 0.182688633  12  12  0  M
 0.207360720  12  12  1  M
 0.207361966  12  12  2  M
 0.227653977  12  12  3  M
 0.227654412  12  12  0  M
 0.248430561  12  12  1  M
 0.248430760  12  12  2  M
 0.279170471  12  12  3  M
 0.279171129  12  12  0  M
 0.304579516  12  12  1  M
 0.304580112  12  12  2  M
 0.317130643  12  12  3  M
 0.317131238  12  12  0  M
 0.365589707  12  12  1  M
 0.365591029  12  12  2  M
 0.391774667  12  12  3  M
 0.391774872  12  12  0  M
 0.428546220  12  12  1  M
 0.428546583  12  12  2  M
 0.450015923  12  12  3  M
 0.450016033  12  12  0  M
 0.480692150  12  12  1  M
 0.480692262  12  12  2  M
 0.527544045  12  12  3  M
 0.527544490  12  12  0  M
 0.550254649  12  12  1  M
 0.550255037  12  12  2  M
 0.588525112  12  12  3  M
 0.588525648  12  12  0  M
 0.624406906  12  12  1  M
 0.624407756  12  12  2  M
 0.635941954  12  12  3  M
 0.635943027  12  12  0  M
 0.646348767  12  12  1  M
 0.646349828  12  12  2  M
 0.676637911  12  12  3  M
 0.676638563  12  12  0  M
 0.703370008  12  12  1  M
 0.703370668  12  12  2  M
 0.724269038  12  12  3  M
 0.724269658  12  12  0  M
 0.741537930  12  12  1  M
 0.741538837  12  12  2  M
 0.784033616  12  12  3  M
 0.784033746  12  12  0  M
 0.816694418  12  12  1  M
 0.816694874  12  12  2  M
 0.841291947  12  12  3  M
 0.841292628  12  12  0  M
 0.886164108  12  12  1  M
 0.886165301  12  12  2  M
 0.909534540  12  12  3  M
 0.909535501  12  12  0  M
 0.925759508  12  12  1  M
 0.925760156  12  12  2  M
 0.937689855  12  12  3  M
 0.937690439  12  12  0  M
 0.982115338  12  12  1  M
 0.982115840  12  12  2  M
 0.996439497  12  12  3  M
 0.996439730  12  12  0  M
 1.032800778  12  12  1  M
 1.032800925  12  12  2  M
 1.060078491  12  12  3  M
 1.060078632  12  12  0  M
 1.102538837  12  12  1  M
 1.102538956  12  12  2  M
 1.115450080  12  12  3  M
 1.115451247  12  12  0  M
 0.000909021  11  11  0  L
 0.032306651  11  11  1  L
 0.032306851  11  11  2  L
 0.054276029  11  11  3  L
 0.054276455  11  11  0  L
 0.087640713  11  11  1  L
 0.087641243  11  11  2  L
 0.124454299  11  11  3  L
 0.124455358  11  11  0  L
 0.164035830  11  11  1  L
 0.164036957  11  11  2  L
 0.203241747  11  11  3  L
 0.203242339  11  11  0  L
 0.245249992  11  11  1  L
 0.245250263  11  11  2  L
 0.281660025  11  11  3  L
 0.281660691  11  11  0  L
 0.320263279  11  11  1  L
 0.320264356  11  11  2  L
 0.346180356  11  11  3  L
 0.346181453  11  11  0  L
 0.379233477  11  11  1  L
 0.379234565  11  11  2  L
 0.423859139  11  11  3  L
 0.423859574  11  11  0  L
 0.470203045  11  11  1  L
 0.470203467  11  11  2  L
 0.501749611  11  11  3  L
 0.501749771  11  11  0  L
 0.526481358  11  11  1  L
 0.526481627  11  11  2  L
 0.551298125  11  11  3  L
 0.551298514  11  11  0  L
 0.584121870  11  11  1  L
 0.584122973  11  11  2  L
 0.600599947  11  11  3  L
 0.600600886  11  11  0  L
 0.613741037  11  11  1  L
 0.613742353  11  11  2  L
 0.626512471  11  11  3  L
 0.626513662  11  11  0  L
 0.666113152  11  11  1  L
 0.666114293  11  11  2  L
 0.676799362  11  11  3  L
 0.676799649  11  11  0  L
 0.707606172  11  11  1  L
 0.707607309  11  11  2  L
 0.719698025  11  11  3  L
 0.719698697  11  11  0  L
 0.752336502  11  11  1  L
 0.752337188  11  11  2  L
 0.778001069  11  11  3  L
 0.778001218  11  11  0  L
 0.805738859  11  11  1  L
 0.805739304  11  11  2  L
 0.828488739  11  11  3  L
 0.828489278  11  11  0  L
 0.854864038  11  11  1  L
 0.854865524  11  11  2  L
 0.889127795  11  11  3  L
 0.889128895  11  11  0  L
 0.932152729  11  11  1  L
 0.932153434  11  11  2  L
 0.947846141  11  11  3  L
 0.947846871  11  11  0  L
 0.985878400  11  11  1  L
 0.985878706  11  11  2  L
 1.009261408  11  11  3  L
 1.009261642  11  11  0  L
 1.030936651  11  11  1  L
 1.030936890  11  11  2  L
 1.066682899  11  11  3  L
 1.066683040  11  11  0  L
 1.100774284  11  11  1  L
 1.100774518  11  11  2  L
 1.121505267  11  11  3  L
 1.121505452  11  11  0  L
 0.000931212  14  14  0  O
 0.046311416  14  14  1  O
 0.046311541  14  14  2  O
 0.086660681  14  14  3  O
 0.086660823  14  14  0  O
 0.126587380  14  14  1  O
 0.126587857  14  14  2  O
 0.167098961  14  14  3  O
 0.167099849  14  14  0  O
 0.204380598  14  14  1  O
 0.204381236  14  14  2  O
 0.232904395  14  14  3  O
 0.232905304  14  14  0  O
 0.256377657  14  14  1  O
 0.256377854  14  14  2  O
 0.273340045  14  14  3  O
 0.273340289  14  14  0  O
 0.299961487  14  14  1  O
 0.299962490  14  14  2  O
 0.313406439  14  14  3  O
 0.313407782  14  14  0  O
 0.333039095  14  14  1  O
 0.333040118  14  14  2  O
 0.350928229  14  14  3  O
 0.350929184  14  14  0  O
 0.378205671  14  14  1  O
 0.378207134  14  14  2  O
 0.414003969  14  14  3  O
 0.414004388  14  14  0  O
 0.456590855  14  14  1  O
 0.456591639  14  14  2  O
 0.475172689  14  14  3  O
 0.475173045  14  14  0  O
 0.509983375  14  14  1  O
 0.509983828  14  14  2  O
 0.545355403  14  14  3  O
 0.545355880  14  14  0  O
 0.561753401  14  14  1  O
 0.561753759  14  14  2  O
 0.600579349  14  14  3  O
 0.600579980  14  14  0  O
 0.616378061  14  14  1  O
 0.616379038  14  14  2  O
 0.653535900  14  14  3  O
 0.653537024  14  14  0  O
 0.684875748  14  14  1  O
 0.684876406  14  14  2  O
 0.697564290  14  14  3  O
 0.697564920  14  14  0  O
 0.746679588  14  14  1  O
 0.746680317  14  14  2  O
 0.774262117  14  14  3  O
 0.774262272  14  14  0  O
 0.820433529  14  14  1  O
 0.820433678  14  14  2  O
 0.850249486  14  14  3  O
 0.850250619  14  14  0  O
 0.895225812  14  14  1  O
 0.895226638  14  14  2  O
 0.941592801  14  14  3  O
 0.941593391  14  14  0  O
 0.972902210  14  14  1  O
 0.972902967  14  14  2  O
 0.988718935  14  14  3  O
 0.988719311  14  14  0  O
 1.026635467  14  14  1  O
 1.026635723  14  14  2  O
 1.064214934  14  14  3  O
 1.064215027  14  14  0  O
 1.093005810  14  14  1  O
 1.093005948  14  14  2  O
 1.141067424  14  14  3  O
 1.141067713  14  14  0  O
 1.190255270  14  14  1  O
 1.190255395  14  14  2  O
 1.240509280  14  14  3  O
 1.240510276  14  14  0  O
 0.000871915  10  10  0  K
 0.049353903  10  10  1  K
 0.049354039  10  10  2  K
 0.081060981  10  10  3  K
 0.081061369  10  10  0  K
 0.126340230  10  10  1  K
 0.126341258  10  10  2  K
 0.176337713  10  10  3  K
 0.176338854  10  10  0  K
 0.187555074  10  10  1  K
 0.187556197  10  10  2  K
 0.197829810  10  10  3  K
 0.197830166  10  10  0  K
 0.242486472  10  10  1  K
 0.242486738  10  10  2  K
 0.288837096  10  10  3  K
 0.288837881  10  10  0  K
 0.311456166  10  10  1  K
 0.311457051  10  10  2  K
 0.339138994  10  10  3  K
 0.339140103  10  10  0  K
 0.388637321  10  10  1  K
 0.388637870  10  10  2  K
 0.399511490  10  10  3  K
 0.399511643  10  10  0  K
 0.431510185  10  10  1  K
 0.431510643  10  10  2  K
 0.480643548  10  10  3  K
 0.480643887  10  10  0  K
 0.526117626  10  10  1  K
 0.526118196  10  10  2  K
 0.562174531  10  10  3  K
 0.562174968  10  10  0  K
 0.606821968  10  10  1  K
 0.606823095  10  10  2  K
 0.630578875  10  10  3  K
 0.630579508  10  10  0  K
 0.641337393  10  10  1  K
 0.641338549  10  10  2  K
 0.660341737  10  10  3  K
 0.660343323  10  10  0  K
 0.676833689  10  10  1  K
 0.676834078  10  10  2  K
 0.712133996  10  10  3  K
 0.712135140  10  10  0  K
 0.757556133  10  10  1  K
 0.757556480  10  10  2  K
 0.772481825  10  10  3  K
 0.772482008  10  10  0  K
 0.806244940  10  10  1  K
 0.806245051  10  10  2  K
 0.831692436  10  10  3  K
 0.831692985  10  10  0  K
 0.870604769  10  10  1  K
 0.870605922  10  10  2  K
 0.909534142  10  10  3  K
 0.909535157  10  10  0  K
 0.933496069  10  10  1  K
 0.933496977  10  10  2  K
 0.976956024  10  10  3  K
 0.976956972  10  10  0  K
 1.007925925  10  10  1  K
 1.007925981  10  10  2  K
 1.024049692  10  10  3  K
 1.024049870  10  10  0  K
 1.041687291  10  10  1  K
 1.041687424  10  10  2  K
 1.078296639  10  10  3  K
 1.078296747  10  10  0  K
 1.124519059  10  10  1  K
 1.124519153  10  10  2  K
 1.134962571  10  10  3  K
 1.134962981  10  10  0  K
 1.184438311  10  10  1  K
 1.184438422  10  10  2  K
 1.221383493  10  10  3  K
 1.221384020  10  10  0  K
 1.266798311  10  10  1  K
 1.266799500  10  10  2  K
 1.296725398  10  10  3  K
 1.296726572  10  10  0  K
 0.000744882  0  0  0  A
 0.023446373  0  0  1  A
 0.023446611  0  0  2  A
 0.061444219  0  0  3  A
 0.061444712  0  0  0  A
 0.086560205  0  0  1  A
 0.086560681  0  0  2  A
 0.118776160  0  0  3  A
 0.118777348  0  0  0  A
 0.140613071  0  0  1  A
 0.140614155  0  0  2  A
 0.185583621  0  0  3  A
 0.185584222  0  0  0  A
 0.204307534  0  0  1  A
 0.204308172  0  0  2  A
 0.246501059  0  0  3  A
 0.246501324  0  0  0  A
 0.291542603  0  0  1  A
 0.291543169  0  0  2  A
 0.311555833  0  0  3  A
 0.311556101  0  0  0  A
 0.358195078  0  0  1  A
 0.358196241  0  0  2  A
 0.389820744  0  0  3  A
 0.389820936  0  0  0  A
 0.412585610  0  0  1  A
 0.412586066  0  0  2  A
 0.445565860  0  0  3  A
 0.445565977  0  0  0  A
 0.464382122  0  0  1  A
 0.464382239  0  0  2  A
 0.477787317  0  0  3  A
 0.477787805  0  0  0  A
 0.496591357  0  0  1  A
 0.496591507  0  0  2  A
 0.538279820  0  0  3  A
 0.538280091  0  0  0  A
 0.565659349  0  0  1  A
 0.565659983  0  0  2  A
 0.607042682  0  0  3  A
 0.607043417  0  0  0  A
 0.650183559  0  0  1  A
 0.650184251  0  0  2  A
 0.676631218  0  0  3  A
 0.676631837  0  0  0  A
 0.702075193  0  0  1  A
 0.702076314  0  0  2  A
 0.747560656  0  0  3  A
 0.747561564  0  0  0  A
 0.792392520  0  0  1  A
 0.792392645  0  0  2  A
 0.838953456  0  0  3  A
 0.838953775  0  0  0  A
 0.851728828  0  0  1  A
 0.851729960  0  0  2  A
 0.865966512  0  0  3  A
 0.865967611  0  0  0  A
 0.915351992  0  0  1  A
 0.915352614  0  0  2  A
 0.965237798  0  0  3  A
 0.965238655  0  0  0  A
 1.002123603  0  0  1  A
 1.002123794  0  0  2  A
 1.051416713  0  0  3  A
 1.051416854  0  0  0  A
 1.074942705  0  0  1  A
 1.074942816  0  0  2  A
 1.107857347  0  0  3  A
 1.107857475  0  0  0  A
 1.143515407  0  0  1  A
 1.143515636  0  0  2  A
 1.166928408  0  0  3  A
 1.166928803  0  0  0  A
 1.185130608  0  0  1  A
 1.185130717  0  0  2  A
 1.208299932  0  0  3  A
 1.208300408  0  0  0  A
 1.256862679  0  0  1  A
 1.256863811  0  0  2  A
 1.306378153  0  0  3  A
 1.306379301  0  0  0  A
 0.000857761  8  8  0  I
 0.047172352  8  8  1  I
 0.047172413  8  8  2  I
 0.089575541  8  8  3  I
 0.089576194  8  8  0  I
 0.101098057  8  8  1  I
 0.101099271  8  8  2  I
 0.122416561  8  8  3  I
 0.122418013  8  8  0  I
 0.167677447  8  8  1  I
 0.167678125  8  8  2  I
 0.185153167  8  8  3  I
 0.185154567  8  8  0  I
 0.218525518  8  8  1  I
 0.218526289  8  8  2  I
 0.255771071  8  8  3  I
 0.255771618  8  8  0  I
 0.286206098  8  8  1  I
 0.286206993  8  8  2  I
 0.312519084  8  8  3  I
 0.312519726  8  8  0  I
 0.356195137  8  8  1  I
 0.356195758  8  8  2  I
 0.388076151  8  8  3  I
 0.388076878  8  8  0  I
 0.435317298  8  8  1  I
 0.435317786  8  8  2  I
 0.452611376  8  8  3  I
 0.452611493  8  8  0  I
 0.468355416  8  8  1  I
 0.468355560  8  8  2  I
 0.494945734  8  8  3  I
 0.494946301  8  8  0  I
 0.520646117  8  8  1  I
 0.520646278  8  8  2  I
 0.534285427  8  8  3  I
 0.534285624  8  8  0  I
 0.574316490  8  8  1  I
 0.574317642  8  8  2  I
 0.588291059  8  8  3  I
 0.588292285  8  8  0  I
 0.619799316  8  8  1  I
 0.619799885  8  8  2  I
 0.649072683  8  8  3  I
 0.649073255  8  8  0  I
 0.680300791  8  8  1  I
 0.680301424  8  8  2  I
 0.699586733  8  8  3  I
 0.699587347  8  8  0  I
 0.732268690  8  8  1  I
 0.732269281  8  8  2  I
 0.782230265  8  8  3  I
 0.782230391  8  8  0  I
 0.824597677  8  8  1  I
 0.824598150  8  8  2  I
 0.838050451  8  8  3  I
 0.838051150  8  8  0  I
 0.866827759  8  8  1  I
 0.866828339  8  8  2  I
 0.907997400  8  8  3  I
 0.907998573  8  8  0  I
 0.919080122  8  8  1  I
 0.919081003  8  8  2  I
 0.943574001  8  8  3  I
 0.943574618  8  8  0  I
 0.985253891  8  8  1  I
 0.985254189  8  8  2  I
 1.025608509  8  8  3  I
 1.025608695  8  8  0  I
 1.041018733  8  8  1  I
 1.041018865  8  8  2  I
 1.081508297  8  8  3  I
 1.081508411  8  8  0  I
 1.102826070  8  8  1  I
 1.102826219  8  8  2  I
 1.148506507  8  8  3  I
 1.148506923  8  8  0  I
 1.160917537  8  8  1  I
 1.160917933  8  8  2  I
 1.171319563  8  8  3  I
 1.171319770  8  8  0  I
 1.204871638  8  8  1  I
 1.204872078  8  8  2  I
 1.231778743  8  8  3  I
 1.231779449  8  8  0  I
 1.276159698  8  8  1  I
 1.276160911  8  8  2  I
 1.301203986  8  8  3  I
 1.301205028  8  8  0  I
 1.321648501  8  8  1  I
 1.321649531  8  8  2  I
 1.334541580  8  8  3  I
 1.334542804  8  8  0  I
 0.000802453  4  4  0  E
 0.014274434  4  4  1  E
 0.014274766  4  4  2  E
 0.035322774  4  4  3  E
 0.035322845  4  4  0  E
 0.079087914  4  4  1  E
 0.079088703  4  4  2  E
 0.092698263  4  4  3  E
 0.092699450  4  4  0  E
 0.123600765  4  4  1  E
 0.123601973  4  4  2  E
 0.137116463  4  4  3  E
 0.137117415  4  4  0  E
 0.182480205  4  4  1  E
 0.182480879  4  4  2  E
 0.194504784  4  4  3  E
 0.194506104  4  4  0  E
 0.235914483  4  4  1  E
 0.235915411  4  4  2  E
 0.250948437  4  4  3  E
 0.250949019  4  4  0  E
 0.273275066  4  4  1  E
 0.273275660  4  4  2  E
 0.307868202  4  4  3  E
 0.307869475  4  4  0  E
 0.331920756  4  4  1  E
 0.331921814  4  4  2  E
 0.355211728  4  4  3  E
 0.355212902  4  4  0  E
 0.384624748  4  4  1  E
 0.384625547  4  4  2  E
 0.413266753  4  4  3  E
 0.413266899  4  4  0  E
 0.437540789  4  4  1  E
 0.437541210  4  4  2  E
 0.471897396  4  4  3  E
 0.471897600  4  4  0  E
 0.521633679  4  4  1  E
 0.521633879  4  4  2  E
 0.557811539  4  4  3  E
 0.557811883  4  4  0  E
 0.592417705  4  4  1  E
 0.592418397  4  4  2  E
 0.624878984  4  4  3  E
 0.624879528  4  4  0  E
 0.652779279  4  4  1  E
 0.652780740  4  4  2  E
 0.686919328  4  4  3  E
 0.686920012  4  4  0  E
 0.729587508  4  4  1  E
 0.729588161  4  4  2  E
 0.769377293  4  4  3  E
 0.769377523  4  4  0  E
 0.804620361  4  4  1  E
 0.804620490  4  4  2  E
 0.833338526  4  4  3  E
 0.833338792  4  4  0  E
 0.860930266  4  4  1  E
 0.860931827  4  4  2  E
 0.871265926  4  4  3  E
 0.871266592  4  4  0  E
 0.920432776  4  4  1  E
 0.920433753  4  4  2  E
 0.955345739  4  4  3  E
 0.955346663  4  4  0  E
 0.996145708  4  4  1  E
 0.996145908  4  4  2  E
 1.007909030  4  4  3  E
 1.007909184  4  4  0  E
 1.045733616  4  4  1  E
 1.045733785  4  4  2  E
 1.069957700  4  4  3  E
 1.069957842  4  4  0  E
 1.080723541  4  4  1  E
 1.080723689  4  4  2  E
 1.092391242  4  4  3  E
 1.092391395  4  4  0  E
 1.116583915  4  4  1  E
 1.116584980  4  4  2  E
 1.139573244  4  4  3  E
 1.139573714  4  4  0  E
 1.177886830  4  4  1  E
 1.177887208  4  4  2  E
 1.210558955  4  4  3  E
 1.210559406  4  4  0  E
 1.253811241  4  4  1  E
 1.253812430  4  4  2  E
 1.294113419  4  4  3  E
 1.294114484  4  4  0  E
 1.327759646  4  4  1  E
 1.327760871  4  4  2  E
 1.345803666  4  4  3  E
 1.345804804  4  4  0  E
 1.395262027  4  4  1  E
 1.395263167  4  4  2  E
 1.433110718  4  4  3  E
 1.433111652  4  4  0  E
 1.448116288  4  4  1  E
 1.448117474  4  4  2  E
 1.473191184  4  4  3  E
 1.473192613  4  4  0  E
-1  15  15  4 LOCAL_SECTION;ENTRY_PROTOCOL;CRITICAL_SECTION;EXIT_PROTOCOL;EXTRA_LABEL;
