-1 15 15 15
0.000000000 12 14 12 M
0.022768927 12 14 11 M
0.045498015 12 14 10 M
0.074396575 12 14 11 M
0.091516300 12 13 11 M
0.122830222 12 12 11 M
0.148455583 12 12 12 M
0.162848900 12 13 12 M
0.178774480 12 12 12 M
0.195308507 12 11 12 M
0.243536990 12 11 11 M
0.286718880 12 12 11 M
0.299308195 12 12 12 M
0.325388611 12 12 11 M
0.362120162 12 12 12 M
0.374184055 12 12 13 M
0.387943985 12 12 14 M
0.408040972 12 12 0 M
0.457788801 12 12 14 M
0.486056194 12 12 0 M
0.499048392 12 11 0 M
0.516760686 12 11 1 M
0.546061840 12 11 0 M
0.584909258 12 11 14 M
0.000000000 6 14 14 G
0.043139496 6 14 0 G
0.078842000 6 0 0 G
0.120671801 6 0 14 G
0.160414621 6 0 0 G
0.192751130 6 0 14 G
0.231596899 6 14 14 G
0.257206831 6 13 14 G
0.284488631 6 12 14 G
0.299220953 6 13 14 G
0.322096855 6 12 14 G
0.370898384 6 12 13 G
0.418053989 6 13 13 G
0.456464765 6 12 13 G
0.479205643 6 12 14 G
0.518294362 6 12 13 G
0.532310849 6 13 13 G
0.570941120 6 13 12 G
0.616875900 6 13 13 G
0.645050923 6 14 13 G
0.682978808 6 13 13 G
0.000000000 9 1 6 J
0.017951622 9 1 5 J
0.034737138 9 1 4 J
0.073224013 9 2 4 J
0.116255734 9 2 5 J
0.148367971 9 3 5 J
0.166072327 9 2 5 J
0.186347441 9 2 6 J
0.224607408 9 1 6 J
0.254663393 9 0 6 J
0.296728579 9 1 6 J
0.319540517 9 1 5 J
0.358301896 9 1 6 J
0.382162543 9 2 6 J
0.398232192 9 1 6 J
0.436100534 9 0 6 J
0.474763898 9 14 6 J
0.496706063 9 14 5 J
0.518200545 9 0 5 J
0.535553510 9 14 5 J
0.567668496 9 13 5 J
0.613276919 9 12 5 J
0.627004595 9 12 6 J
0.653769306 9 12 5 J
0.671711261 9 11 5 J
0.690553091 9 11 6 J
0.713645844 9 11 5 J
0.731576190 9 12 5 J
0.746487091 9 11 5 J
0.000000000 7 5 4 H
0.032405258 7 5 3 H
0.078844913 7 5 2 H
0.100060063 7 5 3 H
0.127240870 7 5 4 H
0.148460727 7 6 4 H
0.195216080 7 7 4 H
0.237859148 7 8 4 H
0.272786890 7 9 4 H
0.295561818 7 9 3 H
0.315715748 7 8 3 H
0.349060158 7 8 4 H
0.370987254 7 9 4 H
0.414939030 7 8 4 H
0.432543005 7 8 3 H
0.469052749 7 9 3 H
0.497939670 7 9 2 H
0.532212556 7 10 2 H
0.551952606 7 10 1 H
0.599148635 7 10 0 H
0.616880524 7 10 14 H
0.630259490 7 11 14 H
0.653740345 7 12 14 H
0.697948665 7 13 14 H
0.714745110 7 12 14 H
0.742169735 7 13 14 H
0.775386293 7 14 14 H
0.821219275 7 0 14 H
0.837549133 7 0 0 H
0.860775310 7 0 1 H
0.892157321 7 1 1 H
0.000000000 3 9 11 D
0.017946330 3 9 12 D
0.055495586 3 8 12 D
0.102180559 3 8 11 D
0.152214420 3 8 10 D
0.171059616 3 7 10 D
0.191575344 3 7 9 D
0.240201969 3 7 8 D
0.263560786 3 6 8 D
0.284406215 3 5 8 D
0.330721378 3 5 9 D
0.347802967 3 4 9 D
0.366533366 3 4 8 D
0.392694199 3 4 9 D
0.441567488 3 3 9 D
0.486048309 3 4 9 D
0.500441248 3 3 9 D
0.548371270 3 3 8 D
0.574532862 3 3 9 D
0.599153596 3 3 10 D
0.628028716 3 3 11 D
0.646189302 3 2 11 D
0.670607100 3 1 11 D
0.685121176 3 1 12 D
0.730486566 3 2 12 D
0.754967487 3 2 11 D
0.803153572 3 3 11 D
0.822387683 3 4 11 D
0.869072780 3 3 11 D
0.916807383 3 4 11 D
0.000000000 1 3 0 B
0.033623616 1 2 0 B
0.054393379 1 3 0 B
0.100134029 1 2 0 B
0.111035691 1 2 1 B
0.158026835 1 1 1 B
0.186258641 1 1 2 B
0.223256445 1 1 1 B
0.236426189 1 1 2 B
0.265999464 1 0 2 B
0.312212679 1 1 2 B
0.352745828 1 2 2 B
0.402753971 1 3 2 B
0.432626728 1 3 3 B
0.443903550 1 2 3 B
0.462263407 1 1 3 B
0.479282505 1 1 2 B
0.508708834 1 2 2 B
0.548449831 1 2 1 B
0.577786307 1 2 2 B
0.609015337 1 2 3 B
0.626949431 1 1 3 B
0.666086124 1 1 4 B
0.682977608 1 0 4 B
0.697908849 1 0 3 B
0.745358624 1 1 3 B
0.795273130 1 0 3 B
0.836451582 1 1 3 B
0.885686596 1 2 3 B
0.920003497 1 2 4 B
0.948527672 1 2 5 B
0.987087259 1 3 5 B
1.014894192 1 3 6 B
1.038959385 1 3 5 B
1.071521132 1 3 6 B
1.088368876 1 3 7 B
1.135701898 1 4 7 B
1.152907162 1 4 8 B
1.198270671 1 5 8 B
1.246862983 1 5 9 B
1.295040636 1 6 9 B
1.316760661 1 6 10 B
1.333591136 1 6 9 B
1.348804675 1 6 10 B
1.382672970 1 6 11 B
0.000000000 2 12 5 C
0.041982230 2 11 5 C
0.088287446 2 11 6 C
0.125978595 2 12 6 C
0.162743991 2 11 6 C
0.192851390 2 12 6 C
0.237745103 2 12 7 C
0.279690719 2 13 7 C
0.325395580 2 14 7 C
0.354018629 2 14 6 C
0.376486405 2 0 6 C
0.409359970 2 0 7 C
0.432545116 2 0 8 C
0.481540756 2 1 8 C
0.502873450 2 0 8 C
0.546068925 2 14 8 C
0.564053390 2 14 9 C
0.577791431 2 13 9 C
0.620259221 2 14 9 C
0.668402417 2 14 10 C
0.712537720 2 14 11 C
0.735758767 2 0 11 C
0.760875582 2 1 11 C
0.807520604 2 0 11 C
0.850185895 2 0 10 C
0.877754615 2 14 10 C
0.911157039 2 0 10 C
0.943933620 2 0 9 C
0.957453836 2 1 9 C
0.981935393 2 2 9 C
1.023877335 2 2 10 C
1.057035258 2 2 9 C
1.080740053 2 2 8 C
1.116975394 2 2 9 C
1.133384577 2 2 8 C
1.173084062 2 3 8 C
1.218350865 2 3 9 C
1.231606757 2 2 9 C
1.259756392 2 1 9 C
1.290321965 2 1 8 C
1.340975962 2 1 9 C
1.391182832 2 2 9 C
1.410482472 2 1 9 C
1.438779068 2 1 10 C
1.454653423 2 2 10 C
0.000000000 0 5 0 A
0.032398464 0 6 0 A
0.066049344 0 6 1 A
0.104542572 0 5 1 A
0.120675649 0 4 1 A
0.156701861 0 5 1 A
0.207247999 0 6 1 A
0.236420255 0 6 0 A
0.267289795 0 6 1 A
0.307571123 0 5 1 A
0.341440880 0 4 1 A
0.379940061 0 4 0 A
0.392779405 0 4 1 A
0.437234240 0 5 1 A
0.454265248 0 6 1 A
0.473609618 0 6 0 A
0.522505493 0 6 14 A
0.558838588 0 6 0 A
0.578931957 0 6 14 A
0.620332121 0 6 13 A
0.635559210 0 6 12 A
0.668393719 0 5 12 A
0.691736426 0 6 12 A
0.736845997 0 5 12 A
0.754968852 0 5 11 A
0.780737561 0 4 11 A
0.800940304 0 3 11 A
0.831676620 0 2 11 A
0.881091694 0 3 11 A
0.901691699 0 3 10 A
0.925214957 0 2 10 A
0.951005059 0 3 10 A
0.990345073 0 4 10 A
1.020385032 0 5 10 A
1.054850481 0 5 11 A
1.068891032 0 4 11 A
1.097329376 0 4 12 A
1.119215690 0 4 11 A
1.168745119 0 4 10 A
1.209899573 0 4 9 A
1.239050979 0 4 8 A
1.281910220 0 4 7 A
1.298403575 0 3 7 A
1.315696064 0 3 8 A
1.359533392 0 2 8 A
1.371105827 0 1 8 A
1.397627761 0 0 8 A
1.424651105 0 14 8 A
1.446012303 0 14 9 A
1.466578533 0 13 9 A
1.483757396 0 12 9 A
1.523312373 0 12 10 A
1.541297620 0 12 9 A
1.567430795 0 12 8 A
1.610210048 0 13 8 A
1.647520691 0 13 7 A
1.694473682 0 13 6 A
1.719836230 0 13 7 A
1.751868036 0 13 6 A
1.764913464 0 13 7 A
1.800303314 0 12 7 A
1.843492997 0 13 7 A
1.878966115 0 12 7 A
1.912418140 0 12 8 A
1.930580662 0 11 8 A
0.000000000 14 3 0 O
0.044338324 14 4 0 O
0.076643891 14 4 1 O
0.095918147 14 4 0 O
0.145043906 14 5 0 O
0.189155029 14 5 1 O
0.200549864 14 5 2 O
0.228087722 14 6 2 O
0.273948661 14 7 2 O
0.307650616 14 7 3 O
0.326559693 14 6 3 O
0.360783604 14 7 3 O
0.402865671 14 6 3 O
0.434854476 14 5 3 O
0.453117768 14 4 3 O
0.496834644 14 4 4 O
0.516925370 14 5 4 O
0.550748090 14 5 5 O
0.590505520 14 5 4 O
0.607903237 14 5 3 O
0.648372017 14 5 4 O
0.699068133 14 6 4 O
0.734696786 14 7 4 O
0.760910915 14 7 3 O
0.778576555 14 7 4 O
0.815940712 14 7 5 O
0.840879398 14 7 4 O
0.860776974 14 7 5 O
0.879920252 14 6 5 O
0.915473993 14 7 5 O
0.952056541 14 7 4 O
0.967191197 14 8 4 O
0.993856229 14 8 5 O
1.028539011 14 8 4 O
1.040009897 14 8 3 O
1.079422169 14 9 3 O
1.115665442 14 10 3 O
1.132069814 14 10 4 O
1.159167584 14 10 5 O
1.178302831 14 9 5 O
1.200528446 14 9 4 O
1.242599796 14 9 3 O
1.275662324 14 9 2 O
1.312468737 14 8 2 O
1.344427641 14 8 1 O
1.368893862 14 8 2 O
1.391264270 14 8 3 O
1.409222970 14 7 3 O
1.434125408 14 7 2 O
1.461972537 14 7 1 O
1.506770716 14 6 1 O
1.523248026 14 5 1 O
1.569760157 14 5 2 O
1.581329896 14 5 3 O
1.602363488 14 6 3 O
1.632396028 14 7 3 O
1.680057565 14 6 3 O
1.722216694 14 5 3 O
1.746233239 14 6 3 O
1.790293261 14 6 2 O
1.807936110 14 6 3 O
1.835013314 14 6 2 O
1.854767845 14 6 3 O
1.873641814 14 6 2 O
1.891633985 14 6 1 O
1.929428065 14 6 2 O
1.940676071 14 6 3 O
1.954459938 14 5 3 O
1.992854417 14 6 3 O
2.037079319 14 7 3 O
2.072041027 14 7 2 O
2.096015641 14 7 3 O
2.113515156 14 8 3 O
2.158936799 14 9 3 O
0.000000000 4 5 1 E
0.033619337 4 6 1 E
0.078871656 4 6 0 E
0.129597764 4 7 0 E
0.169590131 4 6 0 E
0.216732465 4 6 1 E
0.243626079 4 5 1 E
0.277418223 4 5 0 E
0.302570464 4 6 0 E
0.325476403 4 6 14 E
0.374100430 4 5 14 E
0.398322910 4 4 14 E
0.447569031 4 3 14 E
0.464741727 4 3 13 E
0.480372075 4 3 12 E
0.502768336 4 4 12 E
0.546149119 4 4 11 E
0.581155039 4 5 11 E
0.630209913 4 5 10 E
0.645013142 4 5 9 E
0.672835989 4 6 9 E
0.706237087 4 6 8 E
0.735757475 4 5 8 E
0.785914293 4 5 7 E
0.806422961 4 4 7 E
0.833974013 4 4 6 E
0.875586243 4 4 5 E
0.886839298 4 5 5 E
0.925216356 4 5 4 E
0.956252082 4 5 3 E
0.979749648 4 5 2 E
1.019103566 4 5 1 E
1.062597476 4 5 0 E
1.090879715 4 4 0 E
1.135707314 4 3 0 E
1.148589702 4 3 14 E
1.191841566 4 4 14 E
1.211067579 4 4 0 E
1.261356902 4 3 0 E
1.300607464 4 4 0 E
1.349842504 4 4 14 E
1.375338826 4 3 14 E
1.411738846 4 4 14 E
1.424654723 4 4 0 E
1.436428458 4 4 1 E
1.454738144 4 3 1 E
1.479507395 4 4 1 E
1.495130846 4 5 1 E
1.542392512 4 6 1 E
1.572051113 4 7 1 E
1.614433939 4 7 0 E
1.639664993 4 7 14 E
1.685550287 4 7 13 E
1.731808465 4 8 13 E
1.779503047 4 7 13 E
1.792900733 4 7 12 E
1.806767340 4 6 12 E
1.829803261 4 7 12 E
1.842314967 4 8 12 E
1.862167474 4 7 12 E
1.907071745 4 7 13 E
1.936955952 4 7 14 E
1.985911884 4 7 0 E
2.004344618 4 7 1 E
2.015303772 4 7 0 E
2.039323670 4 7 14 E
2.073163369 4 8 14 E
2.092902980 4 8 0 E
2.123213191 4 9 0 E
2.163302560 4 8 0 E
0.000000000 5 6 10 F
0.048867670 5 6 9 F
0.063954791 5 7 9 F
0.092648105 5 7 10 F
0.116326233 5 8 10 F
0.140369496 5 8 9 F
0.150896324 5 8 10 F
0.189061758 5 8 9 F
0.216557741 5 8 8 F
0.240195512 5 8 9 F
0.271618520 5 9 9 F
0.286724330 5 10 9 F
0.305078615 5 9 9 F
0.317049420 5 9 10 F
0.332077246 5 8 10 F
0.376403942 5 8 11 F
0.389051466 5 7 11 F
0.432535874 5 6 11 F
0.457894581 5 6 12 F
0.473421135 5 5 12 F
0.513521070 5 6 12 F
0.546153994 5 5 12 F
0.582470671 5 5 13 F
0.595836940 5 6 13 F
0.635515510 5 6 14 F
0.673858512 5 6 0 F
0.716864581 5 6 14 F
0.756099937 5 6 0 F
0.790102349 5 6 1 F
0.832821938 5 6 2 F
0.852369932 5 6 3 F
0.890010789 5 6 2 F
0.902760563 5 6 3 F
0.925163333 5 6 2 F
0.959876977 5 7 2 F
0.980859438 5 7 1 F
0.992719365 5 7 2 F
1.011575117 5 7 3 F
1.041341283 5 6 3 F
1.086076288 5 5 3 F
1.134539532 5 5 4 F
1.166474486 5 6 4 F
1.199336579 5 5 4 F
1.218359442 5 5 5 F
1.236795318 5 5 6 F
1.285057056 5 6 6 F
1.320986356 5 6 7 F
1.341051621 5 7 7 F
1.384942513 5 8 7 F
1.428937469 5 8 6 F
1.453528160 5 7 6 F
1.475097516 5 7 7 F
1.511973514 5 8 7 F
1.545679542 5 8 8 F
1.585752276 5 8 9 F
1.628038660 5 9 9 F
1.640951502 5 8 9 F
1.657114317 5 8 10 F
1.673717702 5 7 10 F
1.694565722 5 7 9 F
1.734293788 5 6 9 F
1.753181502 5 6 10 F
1.773870438 5 7 10 F
1.790286383 5 7 9 F
1.829845072 5 7 8 F
1.843473018 5 7 7 F
1.888453538 5 8 7 F
1.908136523 5 9 7 F
1.945999319 5 9 6 F
1.992848798 5 9 5 F
2.021046727 5 8 5 F
2.070934488 5 8 4 F
2.114805057 5 8 3 F
2.162150044 5 9 3 F
2.194526547 5 9 4 F
0.000000000 13 9 11 N
0.021500566 13 9 10 N
0.034741418 13 8 10 N
0.063864520 13 8 9 N
0.103311859 13 8 10 N
0.127308807 13 8 9 N
0.171148818 13 7 9 N
0.187621074 13 8 9 N
0.221036486 13 8 8 N
0.265903484 13 8 7 N
0.298070273 13 9 7 N
0.347796430 13 8 7 N
0.365343275 13 7 7 N
0.385621496 13 7 8 N
0.409365324 13 8 8 N
0.453111177 13 9 8 N
0.478057783 13 8 8 N
0.511063740 13 8 9 N
0.537753929 13 8 8 N
0.554198958 13 7 8 N
0.599234080 13 6 8 N
0.636617152 13 6 7 N
0.660927808 13 5 7 N
0.672820858 13 5 8 N
0.721012573 13 4 8 N
0.745367578 13 3 8 N
0.760912263 13 3 9 N
0.798586715 13 2 9 N
0.839724413 13 2 8 N
0.870245129 13 3 8 N
0.908011799 13 3 9 N
0.950996253 13 2 9 N
0.992720262 13 1 9 N
1.025057941 13 1 10 N
1.039048011 13 0 10 N
1.088458242 13 14 10 N
1.114338357 13 13 10 N
1.125694196 13 13 9 N
1.139187355 13 12 9 N
1.169933782 13 12 10 N
1.187509261 13 12 9 N
1.230348976 13 12 10 N
1.269485201 13 11 10 N
1.295042504 13 11 11 N
1.327380633 13 11 10 N
1.345586828 13 12 10 N
1.391260765 13 13 10 N
1.418206255 13 13 11 N
1.450187553 13 14 11 N
1.497539830 13 0 11 N
1.545682150 13 0 10 N
1.568573434 13 0 9 N
1.618694429 13 14 9 N
1.645361564 13 0 9 N
1.690894900 13 0 8 N
1.735590331 13 0 9 N
1.778188031 13 14 9 N
1.816404540 13 14 8 N
1.864488593 13 13 8 N
1.899868480 13 13 7 N
1.921955583 13 14 7 N
1.939346642 13 0 7 N
1.982465284 13 0 6 N
2.018669762 13 14 6 N
2.068628535 13 14 5 N
2.103568131 13 14 6 N
2.141195295 13 14 5 N
2.156465659 13 13 5 N
2.175010176 13 13 6 N
2.225239261 13 13 5 N
2.245900448 13 13 4 N
2.264724467 13 13 5 N
2.287069368 13 12 5 N
2.298929179 13 12 4 N
2.317700890 13 12 3 N
2.354265401 13 12 4 N
2.391807839 13 13 4 N
2.421706529 13 14 4 N
2.465880158 13 14 3 N
0.000000000 10 5 10 K
0.012649359 10 5 11 K
0.059696999 10 5 12 K
0.108897842 10 6 12 K
0.156708243 10 5 12 K
0.169677044 10 5 13 K
0.195303257 10 6 13 K
0.210753550 10 6 12 K
0.233931334 10 6 11 K
0.280947007 10 5 11 K
0.296837823 10 4 11 K
0.326637203 10 4 12 K
0.349136669 10 4 13 K
0.376409061 10 3 13 K
0.391526485 10 4 13 K
0.437239877 10 5 13 K
0.448737997 10 4 13 K
0.482653506 10 5 13 K
0.505205874 10 4 13 K
0.518289318 10 3 13 K
0.529881842 10 3 14 K
0.570934251 10 4 14 K
0.613362290 10 4 13 K
0.628026550 10 3 13 K
0.642835290 10 3 14 K
0.667179154 10 3 13 K
0.707360008 10 2 13 K
0.729394324 10 2 14 K
0.741025079 10 3 14 K
0.764000806 10 3 13 K
0.799848381 10 3 14 K
0.847007849 10 2 14 K
0.895387521 10 3 14 K
0.945004033 10 3 13 K
0.976449014 10 3 12 K
0.993919348 10 2 12 K
1.007198386 10 2 13 K
1.022539657 10 3 13 K
1.070198802 10 4 13 K
1.112997708 10 4 14 K
1.152967221 10 3 14 K
1.179375185 10 2 14 K
1.193948533 10 3 14 K
1.225703451 10 4 14 K
1.275668927 10 4 0 K
1.305977119 10 4 14 K
1.355426871 10 4 0 K
1.392445117 10 3 0 K
1.414005427 10 2 0 K
1.446073110 10 3 0 K
1.479493759 10 3 1 K
1.529791000 10 4 1 K
1.566222511 10 4 2 K
1.590050201 10 5 2 K
1.618686483 10 5 3 K
1.632392185 10 5 4 K
1.662401866 10 6 4 K
1.696943388 10 5 4 K
1.726482295 10 4 4 K
1.771544486 10 4 3 K
1.791606343 10 5 3 K
1.827633055 10 5 2 K
1.857918984 10 5 1 K
1.881089669 10 5 0 K
1.916735634 10 6 0 K
1.963915561 10 6 1 K
1.987136184 10 6 0 K
2.031659225 10 7 0 K
2.052621790 10 6 0 K
2.079453187 10 7 0 K
2.106946286 10 7 14 K
2.141272337 10 6 14 K
2.171696045 10 6 13 K
2.191080064 10 7 13 K
2.205883872 10 7 12 K
2.237423703 10 6 12 K
2.261450540 10 6 11 K
2.285775461 10 6 10 K
2.329057854 10 7 10 K
2.361677584 10 6 10 K
2.378609440 10 7 10 K
2.425947211 10 8 10 K
2.463432918 10 8 11 K
2.511743337 10 7 11 K
2.526979192 10 8 11 K
2.548677682 10 8 10 K
2.586230310 10 7 10 K
2.629638321 10 6 10 K
2.658497952 10 7 10 K
2.670863355 10 6 10 K
2.710676732 10 5 10 K
0.000000000 8 9 0 I
0.020204323 8 9 14 I
0.059701591 8 10 14 I
0.081041513 8 9 14 I
0.125982988 8 9 0 I
0.142859194 8 10 0 I
0.158132927 8 10 1 I
0.173575655 8 10 0 I
0.213028854 8 11 0 I
0.249081942 8 10 0 I
0.293084885 8 9 0 I
0.308740768 8 8 0 I
0.350424054 8 7 0 I
0.395989345 8 8 0 I
0.445082454 8 8 14 I
0.489343340 8 7 14 I
0.532303970 8 7 13 I
0.558687814 8 8 13 I
0.587172571 8 7 13 I
0.605613448 8 7 12 I
0.623668369 8 6 12 I
0.666076813 8 5 12 I
0.688299867 8 6 12 I
0.727288021 8 5 12 I
0.741036106 8 5 13 I
0.775388169 8 5 14 I
0.797519106 8 5 0 I
0.835147157 8 4 0 I
0.883428058 8 4 14 I
0.897564062 8 5 14 I
0.936349828 8 5 0 I
0.966077464 8 5 14 I
0.992716419 8 6 14 I
1.038901601 8 6 13 I
1.076943945 8 7 13 I
1.111769183 8 7 12 I
1.139131466 8 8 12 I
1.177169909 8 8 11 I
1.226923945 8 8 12 I
1.254050505 8 8 13 I
1.276728809 8 9 13 I
1.305975812 8 9 12 I
1.326110060 8 8 12 I
1.349839987 8 8 13 I
1.381503476 8 8 12 I
1.423507913 8 8 13 I
1.436365332 8 8 14 I
1.463211431 8 9 14 I
1.486968733 8 8 14 I
1.527524342 8 9 14 I
1.551020940 8 9 0 I
1.566228054 8 9 1 I
1.605810213 8 10 1 I
1.631257847 8 11 1 I
1.657157870 8 12 1 I
1.697033500 8 11 1 I
1.735667699 8 11 2 I
1.748497958 8 10 2 I
1.768183152 8 11 2 I
1.783801895 8 11 1 I
1.833897574 8 11 2 I
1.863352004 8 12 2 I
1.899832518 8 12 3 I
1.938223239 8 13 3 I
1.976183874 8 13 2 I
1.989548783 8 14 2 I
2.018615161 8 13 2 I
2.052613888 8 14 2 I
2.064304752 8 14 3 I
2.079543232 8 14 4 I
2.108214694 8 0 4 I
2.128647518 8 1 4 I
2.175016965 8 1 3 I
2.188648770 8 1 2 I
2.208150865 8 2 2 I
2.220804741 8 1 2 I
2.257175536 8 1 1 I
2.273468578 8 1 2 I
2.317694218 8 1 3 I
2.340457973 8 1 4 I
2.364106728 8 1 3 I
2.384016200 8 1 4 I
2.427058026 8 2 4 I
2.444977438 8 2 3 I
2.465874741 8 2 2 I
2.502461714 8 3 2 I
2.541199459 8 2 2 I
2.585011411 8 1 2 I
2.608863817 8 2 2 I
2.621056872 8 1 2 I
2.657359958 8 1 1 I
2.687074850 8 2 1 I
2.697378580 8 3 1 I
2.712460935 8 3 0 I
0.000000000 11 14 1 L
0.029178796 11 14 2 L
0.052082541 11 14 3 L
0.082149260 11 14 2 L
0.100130751 11 0 2 L
0.133930371 11 0 1 L
0.158137603 11 0 0 L
0.206070913 11 0 1 L
0.223338255 11 14 1 L
0.254575057 11 0 1 L
0.294238248 11 14 1 L
0.313387012 11 0 1 L
0.362051796 11 0 2 L
0.383378616 11 14 2 L
0.414848620 11 0 2 L
0.432621833 11 0 1 L
0.457794822 11 14 1 L
0.507539347 11 13 1 L
0.522511969 11 13 2 L
0.572229067 11 13 1 L
0.615556140 11 13 2 L
0.636615641 11 14 2 L
0.652637335 11 14 3 L
0.688301189 11 0 3 L
0.726183092 11 1 3 L
0.746486254 11 0 3 L
0.795275023 11 0 2 L
0.813795007 11 0 3 L
0.861862067 11 0 4 L
0.895389617 11 0 3 L
0.908000072 11 1 3 L
0.956253323 11 1 2 L
0.990341877 11 2 2 L
1.020379981 11 3 2 L
1.062507542 11 2 2 L
1.080847351 11 1 2 L
1.111880974 11 1 3 L
1.159104696 11 1 4 L
1.201700290 11 2 4 L
1.240273607 11 3 4 L
1.259205468 11 3 3 L
1.296107372 11 2 3 L
1.327415813 11 1 3 L
1.354157284 11 0 3 L
1.400866831 11 1 3 L
1.412913839 11 1 2 L
1.436425024 11 2 2 L
1.471771089 11 3 2 L
1.497501845 11 3 3 L
1.524456175 11 3 2 L
1.538083804 11 4 2 L
1.549950589 11 3 2 L
1.570957460 11 4 2 L
1.602370410 11 4 3 L
1.650907236 11 5 3 L
1.692201818 11 4 3 L
1.716482316 11 4 2 L
1.762633647 11 4 3 L
1.806875991 11 3 3 L
1.853703154 11 3 2 L
1.877902246 11 4 2 L
1.924195143 11 4 1 L
1.949216178 11 4 2 L
1.995040943 11 4 1 L
2.010873589 11 4 0 L
2.027340025 11 4 1 L
2.055894023 11 5 1 L
2.102393592 11 5 0 L
2.140042027 11 4 0 L
2.178274189 11 3 0 L
2.215350762 11 4 0 L
2.245893597 11 4 1 L
2.270042559 11 3 1 L
2.292521671 11 3 0 L
2.304288532 11 3 14 L
2.343863151 11 4 14 L
2.390500041 11 3 14 L
2.408228803 11 3 0 L
2.420569622 11 2 0 L
2.438548225 11 1 0 L
2.469122022 11 0 0 L
2.502468488 11 0 14 L
2.548670066 11 0 13 L
2.588546582 11 0 14 L
2.626303728 11 0 13 L
2.653992629 11 0 14 L
2.697386248 11 14 14 L
2.742257078 11 13 14 L
2.791585420 11 13 13 L
2.825754762 11 12 13 L
2.836959096 11 11 13 L
2.882140770 11 11 14 L
2.929289369 11 10 14 L
2.941633618 11 10 0 L
2.957049562 11 9 0 L
2.980320767 11 9 1 L
3.009660088 11 10 1 L
3.059924533 11 9 1 L
