-1 15 15 15
0.000000000 7 7 7 H
0.055013243 7 6 7 H
0.086863513 7 5 7 H
0.103885071 7 4 7 H
0.136423665 7 3 7 H
0.158837652 7 2 7 H
0.190778309 7 1 7 H
0.210833042 7 0 7 H
0.228288013 7 14 7 H
0.241461008 7 13 7 H
0.264141628 7 12 7 H
0.276278421 7 11 7 H
0.317983491 7 10 7 H
0.000000000 2 2 2 C
0.035406542 2 2 1 C
0.061628243 2 2 0 C
0.079742692 2 2 14 C
0.121093061 2 2 13 C
0.169803175 2 2 12 C
0.214199363 2 2 11 C
0.247800442 2 2 10 C
0.264234766 2 2 9 C
0.309282457 2 2 8 C
0.326330023 2 2 7 C
0.000000000 3 3 3 D
0.040881757 3 2 3 D
0.090177516 3 1 3 D
0.124273116 3 0 3 D
0.155182824 3 14 3 D
0.187177490 3 13 3 D
0.209745385 3 12 3 D
0.252432920 3 11 3 D
0.264149280 3 10 3 D
0.308445800 3 9 3 D
0.328564146 3 8 3 D
0.378756163 3 7 3 D
0.422524547 3 6 3 D
0.433395549 3 5 3 D
0.000000000 10 10 10 K
0.020889908 10 10 11 K
0.069712980 10 10 12 K
0.095701500 10 10 13 K
0.126430823 10 10 14 K
0.169799456 10 10 0 K
0.215566962 10 10 1 K
0.234798327 10 10 2 K
0.308449208 10 10 3 K
0.330961483 10 10 4 K
0.348999443 10 10 5 K
0.397725239 10 10 6 K
0.532145145 10 10 6 k
0.000000000 5 5 5 F
0.035465198 5 4 5 F
0.051717470 5 3 5 F
0.088396324 5 2 5 F
0.102822482 5 1 5 F
0.140951890 5 0 5 F
0.152934813 5 14 5 F
0.189465679 5 13 5 F
0.251271627 5 12 5 F
0.280454525 5 11 5 F
0.326323881 5 10 5 F
0.341947589 5 9 5 F
0.369648944 5 8 5 F
0.392606980 5 7 5 F
0.405093200 5 6 5 F
0.418745316 5 5 5 F
0.438734574 5 4 5 F
0.481288281 5 3 5 F
0.492507432 5 2 5 F
0.526758613 5 1 5 F
0.550361709 5 0 5 F
0.587081129 5 14 5 F
0.606247110 5 13 5 F
0.633792884 5 12 5 F
0.663640519 5 11 5 F
0.693935449 5 10 5 F
0.711750507 5 9 5 F
0.751580242 5 8 5 F
0.764265729 5 7 5 F
0.795950063 5 6 5 F
0.816178877 5 5 5 F
0.863456922 5 4 5 F
0.000000000 8 8 8 I
0.037649319 8 8 7 I
0.053306737 8 8 6 I
0.066482303 8 8 5 I
0.114610061 8 8 4 I
0.157577451 8 8 3 I
0.175244501 8 8 2 I
0.215560237 8 8 1 I
0.255069748 8 8 0 I
0.270931256 8 8 14 I
0.293006884 8 8 13 I
0.336738712 8 8 12 I
0.357859251 8 8 11 I
0.368483388 8 8 10 I
0.406335688 8 8 9 I
0.428268043 8 8 8 I
0.438749481 8 8 7 I
0.455117474 8 8 6 I
0.475992445 8 8 5 I
0.490339229 8 8 4 I
0.540015671 8 8 3 I
0.554993458 8 8 2 I
0.583828193 8 8 1 I
0.597449743 8 8 0 I
0.639330346 8 8 14 I
0.720988234 8 8 13 I
0.758917410 8 8 12 I
0.779191039 8 8 11 I
0.798135025 8 8 10 I
0.816123778 8 8 9 I
0.864583604 8 8 8 I
0.889058141 8 8 7 I
0.914524020 8 8 6 I
0.945247820 8 8 5 I
0.990029450 8 8 4 I
1.016199781 8 8 3 I
0.000000000 4 4 4 E
0.033242828 4 4 3 E
0.066893045 4 4 2 E
0.114576878 4 4 1 E
0.135204159 4 4 0 E
0.181576408 4 4 14 E
0.217969678 4 4 13 E
0.240311451 4 4 12 E
0.274225605 4 4 11 E
0.322889884 4 4 10 E
0.353306128 4 4 9 E
0.395115872 4 4 8 E
0.418738194 4 4 7 E
0.466860567 4 4 6 E
0.500461879 4 4 5 E
0.541254573 4 4 4 E
0.551691276 4 4 3 E
0.598628097 4 4 2 E
0.636062119 4 4 1 E
0.660232854 4 4 0 E
0.676530661 4 4 14 E
0.706459368 4 4 13 E
0.756748258 4 4 12 E
0.770537874 4 4 11 E
0.794862942 4 4 10 E
0.811788434 4 4 9 E
0.844451694 4 4 8 E
0.894540827 4 4 7 E
0.905831005 4 4 6 E
1.026045941 4 4 6 e
0.000000000 0 0 0 A
0.013404518 0 0 14 A
0.027027357 0 0 13 A
0.071342686 0 0 12 A
0.108068722 0 0 11 A
0.135206501 0 0 10 A
0.184912281 0 0 9 A
0.219273644 0 0 8 A
0.253776966 0 0 7 A
0.286778705 0 0 6 A
0.329821836 0 0 5 A
0.374236072 0 0 4 A
0.397621977 0 0 3 A
0.439839337 0 0 2 A
0.466675698 0 0 1 A
0.500870106 0 0 0 A
0.543790196 0 0 14 A
0.555033993 0 0 13 A
0.569148546 0 0 12 A
0.599742267 0 0 11 A
0.612740711 0 0 10 A
0.657040205 0 0 9 A
0.681656369 0 0 8 A
0.714826047 0 0 7 A
0.757766294 0 0 6 A
0.801315603 0 0 5 A
0.824664269 0 0 4 A
0.843163460 0 0 3 A
0.886528321 0 0 2 A
0.911212823 0 0 1 A
0.923759519 0 0 0 A
0.942994366 0 0 14 A
0.987822351 0 0 13 A
1.010723993 0 0 12 A
1.056736468 0 0 11 A
1.104986511 0 0 10 A
1.129963645 0 0 9 A
1.156219427 0 0 8 A
1.184003827 0 0 7 A
1.196173737 0 0 6 A
0.000000000 11 11 11 L
0.069716196 11 10 11 L
0.109192068 11 9 11 L
0.155180567 11 8 11 L
0.199093161 11 7 11 L
0.215472607 11 6 11 L
0.260572594 11 5 11 L
0.322975049 11 4 11 L
0.356695212 11 3 11 L
0.375375664 11 2 11 L
0.406327734 11 1 11 L
0.436596091 11 0 11 L
0.472842560 11 14 11 L
0.490074072 11 13 11 L
0.529844096 11 12 11 L
0.543788535 11 11 11 L
0.571316948 11 10 11 L
0.611646237 11 9 11 L
0.628638256 11 8 11 L
0.655946643 11 7 11 L
0.702271199 11 6 11 L
0.733476219 11 5 11 L
0.794864257 11 4 11 L
0.828122974 11 3 11 L
0.875028500 11 2 11 L
0.904607635 11 1 11 L
0.932534836 11 0 11 L
0.981214088 11 14 11 L
0.993271066 11 13 11 L
1.016480837 11 12 11 L
1.033757593 11 11 11 L
1.068935319 11 10 11 L
1.084182235 11 9 11 L
1.118970558 11 8 11 L
1.153895709 11 7 11 L
1.192879545 11 6 11 L
1.225281588 11 5 11 L
1.252463202 11 4 11 L
1.293171413 11 3 11 L
1.340354581 11 2 11 L
1.380048973 11 1 11 L
1.392047011 11 0 11 L
1.414019066 11 14 11 L
1.439094274 11 13 11 L
0.000000000 6 6 6 G
0.040864507 6 6 7 G
0.055007698 6 6 8 G
0.093495346 6 6 9 G
0.131743782 6 6 10 G
0.153995483 6 6 11 G
0.165373928 6 6 12 G
0.200267442 6 6 13 G
0.234763449 6 6 14 G
0.269832564 6 6 0 G
0.306491175 6 6 1 G
0.328561823 6 6 2 G
0.356737042 6 6 3 G
0.386081834 6 6 4 G
0.418752138 6 6 5 G
1.463852591 11 12 11 L
1.477650655 11 11 11 L
1.524421038 11 10 11 L
1.544954594 11 9 11 L
1.571950037 11 8 11 L
1.594977877 11 7 11 L
1.614851619 11 6 11 L
0.445520892 6 6 6 G
0.491953200 6 6 7 G
0.513393169 6 6 8 G
0.529423847 6 6 9 G
0.543751069 6 6 10 G
0.560165718 6 6 11 G
0.595266758 6 6 12 G
0.620058583 6 6 13 G
0.646710058 6 6 14 G
0.663638745 6 6 0 G
0.687795041 6 6 1 G
0.730181339 6 6 2 G
0.775007113 6 6 3 G
0.818399179 6 6 4 G
0.849877449 6 6 5 G
0.896879696 6 6 6 G
0.927235099 6 6 7 G
0.974832094 6 6 8 G
1.020726938 6 6 9 G
1.049221092 6 6 10 G
1.086541735 6 6 11 G
1.128686278 6 6 12 G
1.155055991 6 6 13 G
1.173412774 6 6 14 G
1.192872588 6 6 0 G
1.231843524 6 6 1 G
1.269687068 6 6 2 G
1.301943358 6 6 3 G
1.343797635 6 6 4 G
1.376743887 6 6 5 G
1.419848080 6 6 6 G
1.468146659 6 6 7 G
1.494926347 6 6 8 G
1.517162706 6 6 9 G
1.558973066 6 6 10 G
1.571775187 6 6 11 G
1.614847570 6 6 12 G
0.000000000 12 12 12 M
0.012283489 12 12 11 M
0.058453946 12 12 10 M
0.076626228 12 12 9 M
0.115891633 12 12 8 M
0.150769496 12 12 7 M
0.182729563 12 12 6 M
0.220608383 12 12 5 M
0.251265473 12 12 4 M
0.291929981 12 12 3 M
0.334332026 12 12 2 M
0.375431960 12 12 1 M
0.392598193 12 12 0 M
0.429591769 12 12 14 M
0.442145805 12 12 13 M
0.478180293 12 12 12 M
0.499436279 12 12 11 M
0.529843186 12 12 10 M
0.579709002 12 12 9 M
0.604063619 12 12 8 M
0.623457944 12 12 7 M
0.650801389 12 12 6 M
0.665773791 12 12 5 M
0.695085154 12 12 4 M
0.739805030 12 12 3 M
0.774914213 12 12 2 M
0.816256057 12 12 1 M
0.835813800 12 12 0 M
0.864540429 12 12 14 M
0.904648821 12 12 13 M
0.932510949 12 12 12 M
0.971314488 12 12 11 M
1.016480856 12 12 10 M
1.064534236 12 12 9 M
1.099216453 12 12 8 M
1.139936368 12 12 7 M
1.175615127 12 12 6 M
1.192939991 12 12 5 M
1.220795260 12 12 4 M
1.268513359 12 12 3 M
1.290782223 12 12 2 M
1.337897895 12 12 1 M
1.361668018 12 12 0 M
1.386546848 12 12 14 M
1.432848310 12 12 13 M
1.452069001 12 12 12 M
1.500821179 12 12 11 M
1.526744837 12 12 10 M
1.551321199 12 12 9 M
1.599124787 12 12 8 M
1.629412072 12 12 7 M
1.645115282 12 12 6 M
1.678255391 12 12 5 M
1.707087882 12 12 4 M
1.736183613 12 12 3 M
1.754084556 12 12 2 M
1.769909283 12 12 1 M
1.793912535 12 12 0 M
1.809833567 12 12 14 M
1.841675604 12 12 13 M
1.891108041 12 12 12 M
1.929093968 12 12 11 M
1.941779840 12 12 10 M
1.958110909 12 12 9 M
1.983744603 12 12 8 M
1.998938733 12 12 7 M
0.000000000 9 9 9 J
0.044099422 9 8 9 J
0.092406469 9 7 9 J
0.137712042 9 6 9 J
0.184907464 9 5 9 J
0.226946611 9 4 9 J
0.276282914 9 3 9 J
0.309284439 9 2 9 J
0.343240300 9 1 9 J
0.384939229 9 0 9 J
0.430824784 9 14 9 J
0.475997490 9 13 9 J
0.491341115 9 12 9 J
0.534520584 9 11 9 J
0.568083971 9 10 9 J
0.613889080 9 9 9 J
0.661421438 9 8 9 J
0.672207602 9 7 9 J
0.693914763 9 6 9 J
0.733478371 9 5 9 J
0.757777313 9 4 9 J
0.774915963 9 3 9 J
0.788738572 9 2 9 J
0.811695059 9 1 9 J
0.862329369 9 0 9 J
0.886492638 9 14 9 J
0.914536614 9 13 9 J
0.952504124 9 12 9 J
0.997556000 9 11 9 J
1.023956036 9 10 9 J
1.062164152 9 9 9 J
1.074259007 9 8 9 J
1.090843449 9 7 9 J
1.131282786 9 6 9 J
1.170061291 9 5 9 J
1.202605465 9 4 9 J
1.251215091 9 3 9 J
1.283283989 9 2 9 J
1.302133835 9 1 9 J
1.322255737 9 0 9 J
1.367072524 9 14 9 J
1.388788001 9 13 9 J
1.400818573 9 12 9 J
1.442458215 9 11 9 J
1.485245058 9 10 9 J
1.505092196 9 9 9 J
1.517207341 9 8 9 J
1.562354301 9 7 9 J
1.585969185 9 6 9 J
1.604820756 9 5 9 J
1.641820732 9 4 9 J
1.689144233 9 3 9 J
1.739531743 9 2 9 J
1.779987468 9 1 9 J
1.812305439 9 0 9 J
1.846090640 9 14 9 J
1.865621169 9 13 9 J
1.877893037 9 12 9 J
1.925773827 9 11 9 J
1.938371213 9 10 9 J
1.961472303 9 9 9 J
2.003250289 9 8 9 J
2.025946030 9 7 9 J
0.000000000 14 14 14 O
0.016632277 14 14 0 O
0.113411383 14 14 1 O
0.163137608 14 14 2 O
0.189531056 14 14 3 O
0.238078261 14 14 4 O
0.285633208 14 14 5 O
0.299144665 14 14 6 O
0.313515653 14 14 7 O
0.347730049 14 14 8 O
0.387258553 14 14 9 O
0.418749101 14 14 10 O
0.440980526 14 14 11 O
0.472746177 14 14 12 O
0.521637943 14 14 13 O
0.534482600 14 14 14 O
0.576562933 14 14 0 O
0.622329784 14 14 1 O
0.660252738 14 14 2 O
0.693994528 14 14 3 O
0.735677049 14 14 4 O
0.773750103 14 14 5 O
0.801317463 14 14 6 O
0.826971393 14 14 7 O
0.860161606 14 14 8 O
0.914539769 14 14 9 O
0.963935877 14 14 10 O
0.993272963 14 14 11 O
1.007405221 14 14 12 O
1.034918975 14 14 13 O
1.069026850 14 14 14 O
1.099224990 14 14 0 O
1.143423036 14 14 1 O
1.188493996 14 14 2 O
1.207840686 14 14 3 O
1.228637286 14 14 4 O
1.264192700 14 14 5 O
1.307498160 14 14 6 O
1.352039171 14 14 7 O
1.381171398 14 14 8 O
1.398459103 14 14 9 O
1.423338112 14 14 10 O
1.447759741 14 14 11 O
1.480956064 14 14 12 O
1.524414371 14 14 13 O
1.544770618 14 14 14 O
1.578627773 14 14 0 O
1.593470928 14 14 1 O
1.608098623 14 14 2 O
1.625100727 14 14 3 O
1.654746531 14 14 4 O
1.680851721 14 14 5 O
1.703843226 14 14 6 O
1.726785531 14 14 7 O
1.756490470 14 14 8 O
1.785288531 14 14 9 O
1.796341476 14 14 10 O
1.846099369 14 14 11 O
1.862242995 14 14 12 O
1.907773839 14 14 13 O
1.918372218 14 14 14 O
1.935976157 14 14 0 O
2.022765233 14 14 1 O
2.056097549 14 14 2 O
2.100476810 14 14 3 O
2.147802631 14 14 4 O
2.188194246 14 14 5 O
2.213997276 14 14 6 O
2.245595263 14 14 7 O
2.285646782 14 14 8 O
2.321249784 14 14 9 O
2.364128271 14 14 10 O
2.375889594 14 14 11 O
2.416720420 14 14 12 O
2.483045441 14 14 13 O
2.502945411 14 14 14 O
2.520948797 14 14 0 O
2.557914501 14 14 1 O
2.571089161 14 14 2 O
2.601456387 14 14 3 O
2.622269996 14 14 4 O
2.672246859 14 14 5 O
2.715410563 14 14 6 O
2.745263743 14 14 7 O
0.000000000 1 1 1 B
0.049822048 1 0 1 B
0.064763182 1 14 1 B
0.113410316 1 13 1 B
0.127497634 1 12 1 B
0.150782016 1 11 1 B
0.174087836 1 10 1 B
0.214110055 1 9 1 B
0.262986652 1 8 1 B
0.274102138 1 7 1 B
0.328563089 1 6 1 B
0.362211078 1 5 1 B
0.386087247 1 4 1 B
0.402944281 1 3 1 B
0.421205692 1 2 1 B
0.447847824 1 1 1 B
0.500932263 1 0 1 B
0.519577144 1 14 1 B
0.561507618 1 13 1 B
0.573438859 1 12 1 B
0.600803707 1 11 1 B
0.622331183 1 10 1 B
0.668929203 1 9 1 B
0.708606756 1 8 1 B
0.745308624 1 7 1 B
0.784600442 1 6 1 B
0.833632218 1 5 1 B
0.849821824 1 4 1 B
0.863438014 1 3 1 B
0.912319093 1 2 1 B
0.956750341 1 1 1 B
0.975119003 1 0 1 B
0.992130173 1 14 1 B
1.022865857 1 13 1 B
1.049145645 1 12 1 B
1.082823519 1 11 1 B
1.118962261 1 10 1 B
1.134639961 1 9 1 B
1.168908644 1 8 1 B
1.209164374 1 7 1 B
1.269693653 1 6 1 B
1.310963696 1 5 1 B
1.359357779 1 4 1 B
1.392086745 1 3 1 B
1.439104875 1 2 1 B
1.455468430 1 1 1 B
1.485292067 1 0 1 B
1.515990362 1 14 1 B
1.545038013 1 13 1 B
1.573264503 1 12 1 B
1.587110760 1 11 1 B
1.631976199 1 10 1 B
1.665051742 1 9 1 B
1.689050463 1 8 1 B
1.716418145 1 7 1 B
1.756407783 1 6 1 B
1.775691539 1 5 1 B
1.822995404 1 4 1 B
1.868104293 1 3 1 B
1.896423826 1 2 1 B
1.931527500 1 1 1 B
1.961483496 1 0 1 B
1.976164691 1 14 1 B
2.022762963 1 13 1 B
2.037645606 1 12 1 B
2.083963849 1 11 1 B
2.111858217 1 10 1 B
2.146546654 1 9 1 B
2.159285818 1 8 1 B
2.189368070 1 7 1 B
2.210577456 1 6 1 B
2.241916370 1 5 1 B
2.256008194 1 4 1 B
2.295569470 1 3 1 B
2.338820928 1 2 1 B
2.365305524 1 1 1 B
2.375982478 1 0 1 B
2.393966111 1 14 1 B
2.437169470 1 13 1 B
2.461927449 1 12 1 B
2.509236826 1 11 1 B
2.554761802 1 10 1 B
2.579958687 1 9 1 B
2.627818274 1 8 1 B
2.674441320 1 7 1 B
2.688616301 1 6 1 B
2.700796379 1 5 1 B
2.727955846 1 4 1 B
2.750597059 1 3 1 B
2.765553739 1 2 1 B
0.000000000 13 13 13 N
0.035403545 13 12 13 N
0.072420755 13 11 13 N
0.126432195 13 10 13 N
0.144235023 13 9 13 N
0.190820371 13 8 13 N
0.216817606 13 7 13 N
0.250095181 13 6 13 N
0.285628846 13 5 13 N
0.309156508 13 4 13 N
0.323204729 13 3 13 N
0.370817761 13 2 13 N
0.396360308 13 1 13 N
0.426938854 13 0 13 N
0.445533173 13 14 13 N
0.471387310 13 13 13 N
0.518515799 13 12 13 N
0.563884764 13 11 13 N
0.610517876 13 10 13 N
0.641426951 13 9 13 N
0.671130527 13 8 13 N
0.720986274 13 7 13 N
0.740979692 13 6 13 N
0.763080269 13 5 13 N
0.784597922 13 4 13 N
0.830416114 13 3 13 N
0.871711912 13 2 13 N
0.899218447 13 1 13 N
0.938803924 13 0 13 N
0.987821516 13 14 13 N
1.034914464 13 13 13 N
1.083006615 13 12 13 N
1.102575272 13 11 13 N
1.123330422 13 10 13 N
1.166735958 13 9 13 N
1.188502390 13 8 13 N
1.224102402 13 7 13 N
1.252505450 13 6 13 N
1.281940143 13 5 13 N
1.328556207 13 4 13 N
1.375520812 13 3 13 N
1.400841558 13 2 13 N
1.416430586 13 1 13 N
1.455478397 13 0 13 N
1.497405144 13 14 13 N
1.524409081 13 13 13 N
1.539256599 13 12 13 N
1.558962047 13 11 13 N
1.600300840 13 10 13 N
1.633314872 13 9 13 N
1.679559970 13 8 13 N
1.698558828 13 7 13 N
1.744855894 13 6 13 N
1.773208133 13 5 13 N
1.793826233 13 4 13 N
1.818661307 13 3 13 N
1.855742931 13 2 13 N
1.875617732 13 1 13 N
1.913978626 13 0 13 N
1.962741220 13 14 13 N
2.008545535 13 13 13 N
2.039832720 13 12 13 N
2.082554223 13 11 13 N
2.120683659 13 10 13 N
2.167988292 13 9 13 N
2.194733967 13 8 13 N
2.227508523 13 7 13 N
2.244258509 13 6 13 N
2.257161222 13 5 13 N
2.294277389 13 4 13 N
2.334609249 13 3 13 N
2.357489871 13 2 13 N
2.382396897 13 1 13 N
2.417822067 13 0 13 N
2.443593033 13 14 13 N
2.483043848 13 13 13 N
2.503002400 13 12 13 N
2.530339092 13 11 13 N
2.576462575 13 10 13 N
2.613848419 13 9 13 N
2.626675186 13 8 13 N
2.667062464 13 7 13 N
2.703043643 13 6 13 N
2.753988640 13 5 13 N
2.794228426 13 4 13 N
2.834752081 13 3 13 N
2.860228375 13 2 13 N
2.905759937 13 1 13 N
2.937439249 13 0 13 N
2.979804771 13 14 13 N
3.001322431 13 13 13 N
3.047948622 13 12 13 N
3.077195009 13 11 13 N
