-1 15 15 15
0.000000000 2 2 2 C
0.013416679 2 2 1 C
0.027163191 2 2 0 C
0.061470517 2 2 14 C
0.109695650 2 2 13 C
0.123463181 2 2 12 C
0.141251663 2 2 11 C
0.153327865 2 2 10 C
0.197225197 2 2 9 C
0.231177836 2 2 8 C
0.244153437 2 2 7 C
0.000000000 7 7 7 H
0.057774062 7 6 7 H
0.076653732 7 5 7 H
0.118246371 7 4 7 H
0.148656075 7 3 7 H
0.171618584 7 2 7 H
0.212127379 7 1 7 H
0.257312920 7 0 7 H
0.276368311 7 14 7 H
0.303949571 7 13 7 H
0.324566749 7 12 7 H
0.352763306 7 11 7 H
0.370940138 7 10 7 H
0.000000000 3 3 3 D
0.049825465 3 2 3 D
0.065787567 3 1 3 D
0.091453888 3 0 3 D
0.130150791 3 14 3 D
0.152173386 3 13 3 D
0.163273123 3 12 3 D
0.208748615 3 11 3 D
0.262443101 3 10 3 D
0.273096028 3 9 3 D
0.295360152 3 8 3 D
0.338388069 3 7 3 D
0.383090851 3 6 3 D
0.404188824 3 5 3 D
0.000000000 10 10 10 K
0.035518068 10 10 11 K
0.061466680 10 10 12 K
0.079807785 10 10 13 K
0.096608990 10 10 14 K
0.126827195 10 10 0 K
0.149869038 10 10 1 K
0.186152651 10 10 2 K
0.231190010 10 10 3 K
0.262440276 10 10 4 K
0.307323896 10 10 5 K
0.330012002 10 10 6 K
0.624303976 10 10 6 k
0.000000000 5 5 5 F
0.040970458 5 4 5 F
0.090390332 5 3 5 F
0.135916973 5 2 5 F
0.182586179 5 1 5 F
0.224895157 5 0 5 F
0.255010299 5 14 5 F
0.288047290 5 13 5 F
0.331093704 5 12 5 F
0.348776816 5 11 5 F
0.390332055 5 10 5 F
0.427123500 5 9 5 F
0.453313087 5 8 5 F
0.484129154 5 7 5 F
0.505775895 5 6 5 F
0.524140062 5 5 5 F
0.536308715 5 4 5 F
0.550233586 5 3 5 F
0.560729688 5 2 5 F
0.574126525 5 1 5 F
0.614236593 5 0 5 F
0.645828553 5 14 5 F
0.675442094 5 13 5 F
0.703887827 5 12 5 F
0.748443644 5 11 5 F
0.788080294 5 10 5 F
0.811412225 5 9 5 F
0.861786846 5 8 5 F
0.909977975 5 7 5 F
0.941081780 5 6 5 F
0.960226416 5 5 5 F
0.977408028 5 4 5 F
0.000000000 8 8 8 I
0.020886444 8 8 7 I
0.070358782 8 8 6 I
0.106505622 8 8 5 I
0.133509483 8 8 4 I
0.182592299 8 8 3 I
0.216694313 8 8 2 I
0.251800538 8 8 1 I
0.263538770 8 8 0 I
0.308390790 8 8 14 I
0.323363749 8 8 13 I
0.338381547 8 8 12 I
0.359271317 8 8 11 I
0.382414099 8 8 10 I
0.427129467 8 8 9 I
0.453302326 8 8 8 I
0.479955140 8 8 7 I
0.494306561 8 8 6 I
0.536310490 8 8 5 I
0.578051170 8 8 4 I
0.605900273 8 8 3 I
0.625923665 8 8 2 I
0.663745162 8 8 1 I
0.679840426 8 8 0 I
0.713404853 8 8 14 I
0.752648311 8 8 13 I
0.764719148 8 8 12 I
0.786775886 8 8 11 I
0.836406838 8 8 10 I
0.852510248 8 8 9 I
0.866422456 8 8 8 I
0.914387024 8 8 7 I
0.964485460 8 8 6 I
0.976162680 8 8 5 I
1.003177761 8 8 4 I
1.041824014 8 8 3 I
0.000000000 0 0 0 A
0.016743312 0 0 14 A
0.065785730 0 0 13 A
0.112989112 0 0 12 A
0.161037453 0 0 11 A
0.195956139 0 0 10 A
0.212179605 0 0 9 A
0.251730372 0 0 8 A
0.280518000 0 0 7 A
0.326800546 0 0 6 A
0.360394398 0 0 5 A
0.397766708 0 0 4 A
0.439643006 0 0 3 A
0.483070038 0 0 2 A
0.498544435 0 0 1 A
0.538870606 0 0 0 A
0.572170869 0 0 14 A
0.618422179 0 0 13 A
0.662674556 0 0 12 A
0.688173120 0 0 11 A
0.731179203 0 0 10 A
0.777801529 0 0 9 A
0.820906650 0 0 8 A
0.868895759 0 0 7 A
0.893501342 0 0 6 A
0.904438477 0 0 5 A
0.931374491 0 0 4 A
0.955884721 0 0 3 A
1.002021046 0 0 2 A
1.027710889 0 0 1 A
1.039472134 0 0 0 A
1.054966231 0 0 14 A
1.096285403 0 0 13 A
1.130034653 0 0 12 A
1.149548588 0 0 11 A
1.197585252 0 0 10 A
1.266854089 0 0 9 A
1.300396345 0 0 8 A
1.312088290 0 0 7 A
1.353564776 0 0 6 A
0.000000000 4 4 4 E
0.035561282 4 4 3 E
0.051832161 4 4 2 E
0.089176469 4 4 1 E
0.122397970 4 4 0 E
0.165449020 4 4 14 E
0.208809184 4 4 13 E
0.241946426 4 4 12 E
0.264680275 4 4 11 E
0.310615387 4 4 10 E
0.344545391 4 4 9 E
0.386185655 4 4 8 E
0.417723797 4 4 7 E
0.438536593 4 4 6 E
0.450231907 4 4 5 E
0.497484101 4 4 4 E
0.528356505 4 4 3 E
0.541996601 4 4 2 E
0.552359719 4 4 1 E
0.599612991 4 4 0 E
0.637486739 4 4 14 E
0.667020210 4 4 13 E
0.677566902 4 4 12 E
0.699586872 4 4 11 E
0.740983636 4 4 10 E
0.776657228 4 4 9 E
0.803990745 4 4 8 E
0.827251992 4 4 7 E
0.846181116 4 4 6 E
0.889134423 4 4 5 E
0.914427690 4 4 4 E
0.933615023 4 4 3 E
0.978552373 4 4 2 E
0.993444518 4 4 1 E
1.010801353 4 4 0 E
1.045175641 4 4 14 E
1.064614064 4 4 13 E
1.108010378 4 4 12 E
1.146357055 4 4 11 E
1.173881732 4 4 10 E
1.209031233 4 4 9 E
1.241324191 4 4 8 E
1.288959042 4 4 7 E
1.314232594 4 4 6 E
1.579702404 4 4 6 e
0.000000000 6 6 6 G
0.012354369 6 6 7 G
0.057725997 6 6 8 G
0.089174662 6 6 9 G
0.102668083 6 6 10 G
0.141274522 6 6 11 G
0.187406665 6 6 12 G
0.207498025 6 6 13 G
0.250598588 6 6 14 G
0.286869995 6 6 0 G
0.299594871 6 6 1 G
0.314866792 6 6 2 G
0.344553387 6 6 3 G
0.383084807 6 6 4 G
0.429312230 6 6 5 G
0.448173475 6 6 6 G
0.484135117 6 6 7 G
0.523074741 6 6 8 G
0.586559972 6 6 9 G
0.604800146 6 6 10 G
0.617351760 6 6 11 G
0.635353848 6 6 12 G
0.662670720 6 6 13 G
0.709136307 6 6 14 G
0.759143747 6 6 0 G
0.802475728 6 6 1 G
0.821017984 6 6 2 G
0.840811126 6 6 3 G
0.870132088 6 6 4 G
0.897812218 6 6 5 G
0.928078359 6 6 6 G
0.977369884 6 6 7 G
1.007544199 6 6 8 G
1.041897493 6 6 9 G
1.078090562 6 6 10 G
1.112356598 6 6 11 G
1.130025997 6 6 12 G
1.162152893 6 6 13 G
1.209078968 6 6 14 G
1.250014686 6 6 0 G
1.295152388 6 6 1 G
1.337614779 6 6 2 G
1.362978037 6 6 3 G
1.404851346 6 6 4 G
1.426739928 6 6 5 G
1.447351787 6 6 6 G
1.481319961 6 6 7 G
1.495672799 6 6 8 G
1.509292225 6 6 9 G
1.542178839 6 6 10 G
1.589791947 6 6 11 G
1.630076518 6 6 12 G
0.000000000 11 11 11 L
0.061467991 11 10 11 L
0.109697394 11 9 11 L
0.159900186 11 8 11 L
0.186159014 11 7 11 L
0.234565973 11 6 11 L
0.282690162 11 5 11 L
0.310617822 11 4 11 L
0.344555417 11 3 11 L
0.393482786 11 2 11 L
0.406354863 11 1 11 L
0.419913859 11 0 11 L
0.468550368 11 14 11 L
0.502660636 11 13 11 L
0.545112682 11 12 11 L
0.571859222 11 11 11 L
0.618432530 11 10 11 L
0.665924752 11 9 11 L
0.699580331 11 8 11 L
0.716617586 11 7 11 L
0.736525655 11 6 11 L
0.760372325 11 5 11 L
0.777765455 11 4 11 L
0.819641130 11 3 11 L
0.852588648 11 2 11 L
0.899024755 11 1 11 L
0.937899546 11 0 11 L
0.982921192 11 14 11 L
1.005414959 11 13 11 L
1.053683243 11 12 11 L
1.095004725 11 11 11 L
1.133238627 11 10 11 L
1.145133179 11 9 11 L
1.178104697 11 8 11 L
1.210170522 11 7 11 L
1.229978946 11 6 11 L
1.274602255 11 5 11 L
1.299366163 11 4 11 L
1.346383669 11 3 11 L
1.362975399 11 2 11 L
1.392537219 11 1 11 L
1.412292038 11 0 11 L
1.424576158 11 14 11 L
1.465847928 11 13 11 L
1.479145030 11 12 11 L
1.521288172 11 11 11 L
1.538092913 11 10 11 L
1.570770071 11 9 11 L
1.589789848 11 8 11 L
1.619610398 11 7 11 L
1.647530296 11 6 11 L
0.000000000 9 9 9 J
0.040966649 9 8 9 J
0.055038240 9 7 9 J
0.102669404 9 6 9 J
0.135878388 9 5 9 J
0.158696442 9 4 9 J
0.190613953 9 3 9 J
0.231184029 9 2 9 J
0.265768535 9 1 9 J
0.302812473 9 0 9 J
0.352785406 9 14 9 J
0.363589618 9 13 9 J
0.386181606 9 12 9 J
0.403083614 9 11 9 J
0.420994865 9 10 9 J
0.444014445 9 9 9 J
0.476783608 9 8 9 J
0.526255094 9 7 9 J
0.550248115 9 6 9 J
0.586558891 9 5 9 J
0.599610174 9 4 9 J
0.641606303 9 3 9 J
0.678670341 9 2 9 J
0.708075516 9 1 9 J
0.739814200 9 0 9 J
0.777794799 9 14 9 J
0.791392144 9 13 9 J
0.808131822 9 12 9 J
0.834167782 9 11 9 J
0.875408494 9 10 9 J
0.905609800 9 9 9 J
0.918558626 9 8 9 J
0.966857282 9 7 9 J
0.990304799 9 6 9 J
1.038340953 9 5 9 J
1.073407119 9 4 9 J
1.098755841 9 3 9 J
1.143923423 9 2 9 J
1.183303783 9 1 9 J
1.224835792 9 0 9 J
1.266851714 9 14 9 J
1.295184071 9 13 9 J
1.306848293 9 12 9 J
1.331413215 9 11 9 J
1.379299386 9 10 9 J
1.425660212 9 9 9 J
1.469983500 9 8 9 J
1.493481869 9 7 9 J
1.542180803 9 6 9 J
1.575921845 9 5 9 J
1.598925594 9 4 9 J
1.627823992 9 3 9 J
1.646445970 9 2 9 J
1.693812027 9 1 9 J
1.738163333 9 0 9 J
1.766899770 9 14 9 J
1.801890808 9 13 9 J
1.831888249 9 12 9 J
1.877679710 9 11 9 J
1.923857719 9 10 9 J
1.958006341 9 9 9 J
1.984565258 9 8 9 J
2.015739025 9 7 9 J
0.000000000 12 12 12 M
0.037777308 12 12 11 M
0.053415407 12 12 10 M
0.067011306 12 12 9 M
0.106518090 12 12 8 M
0.153344151 12 12 7 M
0.184873194 12 12 6 M
0.207504060 12 12 5 M
0.224973725 12 12 4 M
0.274210236 12 12 3 M
0.323341288 12 12 2 M
0.370935634 12 12 1 M
0.396670222 12 12 0 M
0.420979666 12 12 14 M
0.441825167 12 12 13 M
0.457431098 12 12 12 M
0.492250174 12 12 11 M
0.541998777 12 12 10 M
0.558171408 12 12 9 M
0.586373193 12 12 8 M
0.610084676 12 12 7 M
0.637493943 12 12 6 M
0.661574782 12 12 5 M
0.676504816 12 12 4 M
0.726981527 12 12 3 M
0.764623999 12 12 2 M
0.784389277 12 12 1 M
0.830751978 12 12 0 M
0.877602085 12 12 14 M
0.905561376 12 12 13 M
0.925868472 12 12 12 M
0.965621411 12 12 11 M
1.013074439 12 12 10 M
1.050421827 12 12 9 M
1.084383954 12 12 8 M
1.127794835 12 12 7 M
1.167327650 12 12 6 M
1.195388186 12 12 5 M
1.224793296 12 12 4 M
1.265887665 12 12 3 M
1.305729595 12 12 2 M
1.352501584 12 12 1 M
1.395719620 12 12 0 M
1.426727941 12 12 14 M
1.441161340 12 12 13 M
1.460705462 12 12 12 M
1.521367174 12 12 11 M
1.550359612 12 12 10 M
1.577011307 12 12 9 M
1.604074251 12 12 8 M
1.621699399 12 12 7 M
1.637307721 12 12 6 M
1.657049534 12 12 5 M
1.681629143 12 12 4 M
1.718496722 12 12 3 M
1.738166039 12 12 2 M
1.776240491 12 12 1 M
1.824435920 12 12 0 M
1.866324481 12 12 14 M
1.880924069 12 12 13 M
1.922711679 12 12 12 M
1.970173505 12 12 11 M
1.995712777 12 12 10 M
2.012514939 12 12 9 M
2.050256496 12 12 8 M
2.092850964 12 12 7 M
0.000000000 14 14 14 O
0.033341375 14 14 0 O
0.070371735 14 14 1 O
0.112986214 14 14 2 O
0.155465254 14 14 3 O
0.173853363 14 14 4 O
0.214480489 14 14 5 O
0.247063076 14 14 6 O
0.263518513 14 14 7 O
0.276365499 14 14 8 O
0.319131997 14 14 9 O
0.352781898 14 14 10 O
0.382033549 14 14 11 O
0.398876310 14 14 12 O
0.432414519 14 14 13 O
0.442922258 14 14 14 O
0.470668436 14 14 0 O
0.517956352 14 14 1 O
0.562470242 14 14 2 O
0.597466248 14 14 3 O
0.622585410 14 14 4 O
0.675443303 14 14 5 O
0.714470573 14 14 6 O
0.757912266 14 14 7 O
0.771334503 14 14 8 O
0.795791602 14 14 9 O
0.829483242 14 14 10 O
0.863068657 14 14 11 O
0.886855879 14 14 12 O
0.911138924 14 14 13 O
0.949291760 14 14 14 O
0.978583292 14 14 0 O
1.005394576 14 14 1 O
1.040587550 14 14 2 O
1.057412507 14 14 3 O
1.097524394 14 14 4 O
1.133231973 14 14 5 O
1.150699607 14 14 6 O
1.171654311 14 14 7 O
1.198741409 14 14 8 O
1.220587169 14 14 9 O
1.266850029 14 14 10 O
1.299337229 14 14 11 O
1.316383236 14 14 12 O
1.341259599 14 14 13 O
1.366098208 14 14 14 O
1.379284763 14 14 0 O
1.405920688 14 14 1 O
1.432880538 14 14 2 O
1.453545396 14 14 3 O
1.481310808 14 14 4 O
1.494576969 14 14 5 O
1.538612875 14 14 6 O
1.584517545 14 14 7 O
1.630290727 14 14 8 O
1.653848406 14 14 9 O
1.664205191 14 14 10 O
1.713216593 14 14 11 O
1.733006615 14 14 12 O
1.745432254 14 14 13 O
1.793518875 14 14 14 O
1.806021163 14 14 0 O
1.829573472 14 14 1 O
1.844280900 14 14 2 O
1.891195998 14 14 3 O
1.935542088 14 14 4 O
1.976350172 14 14 5 O
1.997866113 14 14 6 O
2.011454918 14 14 7 O
2.050221140 14 14 8 O
2.094320692 14 14 9 O
2.106466296 14 14 10 O
2.117803363 14 14 11 O
2.153662539 14 14 12 O
2.179058674 14 14 13 O
2.225902428 14 14 14 O
2.253374958 14 14 0 O
2.300084802 14 14 1 O
2.347989300 14 14 2 O
2.394486290 14 14 3 O
2.408564387 14 14 4 O
2.421403740 14 14 5 O
2.447941367 14 14 6 O
2.470329036 14 14 7 O
0.000000000 1 1 1 B
0.044035586 1 0 1 B
0.112987542 1 14 1 B
0.147456964 1 13 1 B
0.179390667 1 12 1 B
0.216691699 1 11 1 B
0.238758892 1 10 1 B
0.273096876 1 9 1 B
0.309484050 1 8 1 B
0.326829141 1 7 1 B
0.376717877 1 6 1 B
0.408524578 1 5 1 B
0.438549549 1 4 1 B
0.457429843 1 3 1 B
0.478896962 1 2 1 B
0.496424678 1 1 1 B
0.538871637 1 0 1 B
0.562471486 1 14 1 B
0.573678747 1 13 1 B
0.604808297 1 12 1 B
0.625960634 1 11 1 B
0.672209502 1 10 1 B
0.696449722 1 9 1 B
0.735383181 1 8 1 B
0.783081725 1 7 1 B
0.821024835 1 6 1 B
0.852444112 1 5 1 B
0.902209487 1 4 1 B
0.929265341 1 3 1 B
0.978550544 1 2 1 B
0.989197405 1 1 1 B
1.039477310 1 0 1 B
1.069036728 1 14 1 B
1.089681856 1 13 1 B
1.115554210 1 12 1 B
1.142769149 1 11 1 B
1.178100393 1 10 1 B
1.216391700 1 9 1 B
1.262656558 1 8 1 B
1.285814092 1 7 1 B
1.337616260 1 6 1 B
1.356725887 1 5 1 B
1.389409168 1 4 1 B
1.422423855 1 3 1 B
1.452475131 1 2 1 B
1.480217081 1 1 1 B
1.502824629 1 0 1 B
1.519774790 1 14 1 B
1.556637396 1 13 1 B
1.584580780 1 12 1 B
1.607412122 1 11 1 B
1.648652074 1 10 1 B
1.680560459 1 9 1 B
1.714394218 1 8 1 B
1.729757726 1 7 1 B
1.775148599 1 6 1 B
1.785364996 1 5 1 B
1.801921273 1 4 1 B
1.846432419 1 3 1 B
1.862034150 1 2 1 B
1.892364923 1 1 1 B
1.930039769 1 0 1 B
1.977415509 1 14 1 B
2.009186105 1 13 1 B
2.022959696 1 12 1 B
2.058358270 1 11 1 B
2.081484566 1 10 1 B
2.107539060 1 9 1 B
2.147511737 1 8 1 B
2.173886923 1 7 1 B
2.213427791 1 6 1 B
2.232001550 1 5 1 B
2.277769213 1 4 1 B
2.290864211 1 3 1 B
2.322267667 1 2 1 B
2.342672589 1 1 1 B
2.392361169 1 0 1 B
2.435777665 1 14 1 B
2.465136546 1 13 1 B
2.480620178 1 12 1 B
2.521933012 1 11 1 B
2.567277939 1 10 1 B
2.609666230 1 9 1 B
2.638917465 1 8 1 B
2.659083450 1 7 1 B
2.707384955 1 6 1 B
2.718771241 1 5 1 B
2.747369961 1 4 1 B
2.774828224 1 3 1 B
2.823346372 1 2 1 B
0.000000000 13 13 13 N
0.027128273 13 12 13 N
0.071497325 13 11 13 N
0.110793123 13 10 13 N
0.131304829 13 9 13 N
0.177216160 13 8 13 N
0.214405563 13 7 13 N
0.250604159 13 6 13 N
0.291125993 13 5 13 N
0.332546387 13 4 13 N
0.373191946 13 3 13 N
0.396672764 13 2 13 N
0.427131032 13 1 13 N
0.438539237 13 0 13 N
0.484133516 13 14 13 N
0.495366361 13 13 13 N
0.516895949 13 12 13 N
0.532712835 13 11 13 N
0.581906684 13 10 13 N
0.628242811 13 9 13 N
0.656417043 13 8 13 N
0.673317780 13 7 13 N
0.709137745 13 6 13 N
0.746263201 13 5 13 N
0.767972915 13 4 13 N
0.800060203 13 3 13 N
0.819769917 13 2 13 N
0.867625928 13 1 13 N
0.907784979 13 0 13 N
0.951494752 13 14 13 N
0.997777052 13 13 13 N
1.026444577 13 12 13 N
1.074682037 13 11 13 N
1.089674845 13 10 13 N
1.115561063 13 9 13 N
1.137502711 13 8 13 N
1.156817332 13 7 13 N
1.209080242 13 6 13 N
1.255309471 13 5 13 N
1.301512744 13 4 13 N
1.323512933 13 3 13 N
1.361912897 13 2 13 N
1.410107607 13 1 13 N
1.436008753 13 0 13 N
1.460696283 13 14 13 N
1.508408942 13 13 13 N
1.537917359 13 12 13 N
1.554485645 13 11 13 N
1.579178512 13 10 13 N
1.628938071 13 9 13 N
1.658136489 13 8 13 N
1.674385452 13 7 13 N
1.706978818 13 6 13 N
1.756636889 13 5 13 N
1.794677034 13 4 13 N
1.807183751 13 3 13 N
1.823311084 13 2 13 N
1.848714840 13 1 13 N
1.871471796 13 0 13 N
1.904516668 13 14 13 N
1.933388937 13 13 13 N
1.945800336 13 12 13 N
1.976360249 13 11 13 N
2.009222322 13 10 13 N
2.049159262 13 9 13 N
2.088609403 13 8 13 N
2.112657209 13 7 13 N
2.129961764 13 6 13 N
2.172817689 13 5 13 N
2.198247195 13 4 13 N
2.217671356 13 3 13 N
2.235218723 13 2 13 N
2.272578281 13 1 13 N
2.296931986 13 0 13 N
2.334414511 13 14 13 N
2.346915075 13 13 13 N
2.387158840 13 12 13 N
2.422651509 13 11 13 N
2.473464887 13 10 13 N
2.513776919 13 9 13 N
2.540130705 13 8 13 N
2.571380952 13 7 13 N
2.592449196 13 6 13 N
2.638881041 13 5 13 N
2.675245548 13 4 13 N
2.711580928 13 3 13 N
2.722909423 13 2 13 N
2.745176374 13 1 13 N
2.765626298 13 0 13 N
2.787958044 13 14 13 N
2.810154918 13 13 13 N
2.829475649 13 12 13 N
2.874630222 13 11 13 N
