-1 15 15 15
0.000000000 13 13 13 N
0.024924935 13 14 13 N
0.054576271 13 0 13 N
0.087281003 13 1 13 N
0.131062239 13 2 13 N
0.141725081 13 3 13 N
0.160749689 13 4 13 N
0.181578712 13 5 13 N
0.200421494 13 6 13 N
0.233690678 13 7 13 N
0.246628599 13 8 13 N
0.271386877 13 9 13 N
0.286029869 13 10 13 N
0.322357230 13 11 13 N
0.365381712 13 12 13 N
0.411238798 13 13 13 N
0.000000000 5 5 5 F
0.030823183 5 6 5 F
0.065998149 5 7 5 F
0.098557595 5 8 5 F
0.136973464 5 9 5 F
0.215790647 5 10 5 F
0.256336984 5 11 5 F
0.301045075 5 12 5 F
0.320174935 5 13 5 F
0.339335176 5 14 5 F
0.361178877 5 0 5 F
0.381926544 5 1 5 F
0.405729068 5 2 5 F
0.417493370 5 3 5 F
0.459104820 5 4 5 F
0.000000000 2 2 2 C
0.026164392 2 2 3 C
0.076796421 2 2 4 C
0.095184436 2 2 5 C
0.133480577 2 2 6 C
0.158499341 2 2 7 C
0.189068199 2 2 8 C
0.215768509 2 2 9 C
0.232585233 2 2 10 C
0.308765176 2 2 11 C
0.349069363 2 2 12 C
0.368305943 2 2 13 C
0.380863066 2 2 14 C
0.401435759 2 2 0 C
0.444286538 2 2 1 C
0.458021394 2 2 2 C
0.498465135 2 2 3 C
0.514154623 2 2 4 C
0.551431805 2 2 5 C
0.575239601 2 2 6 C
0.589671706 2 2 7 C
0.635437894 2 2 8 C
0.666342790 2 2 9 C
0.708880049 2 2 10 C
0.753018631 2 2 11 C
0.792432690 2 2 12 C
0.820891718 2 2 13 C
0.838914973 2 2 14 C
0.864256580 2 2 0 C
0.881366783 2 2 1 C
0.895415590 2 2 2 C
0.952549913 2 2 3 C
0.000000000 4 4 4 E
0.018369830 4 4 3 E
0.049489709 4 4 2 E
0.098451153 4 4 1 E
0.137053459 4 4 0 E
0.164139343 4 4 14 E
0.197218012 4 4 13 E
0.238973734 4 4 12 E
0.277822402 4 4 11 E
0.295685799 4 4 10 E
0.318007111 4 4 9 E
0.345627922 4 4 8 E
0.371557675 4 4 7 E
0.389447132 4 4 6 E
0.421830085 4 4 5 E
0.459102890 4 4 4 E
0.498348380 4 4 3 E
0.533278266 4 4 2 E
0.563769381 4 4 1 E
0.609437328 4 4 0 E
0.652558839 4 4 14 E
0.702122109 4 4 13 E
0.735474705 4 4 12 E
0.755171375 4 4 11 E
0.793560001 4 4 10 E
0.828926084 4 4 9 E
0.850933192 4 4 8 E
0.884708776 4 4 7 E
0.900838349 4 4 6 E
1.181528793 4 4 6 e
0.000000000 6 6 6 G
0.073568397 6 6 7 G
0.089154551 6 6 8 G
0.120570241 6 6 9 G
0.162966820 6 6 10 G
0.184861898 6 6 11 G
0.216875852 6 6 12 G
0.233691919 6 6 13 G
0.277979112 6 6 14 G
0.305451906 6 6 0 G
0.354482381 6 6 1 G
0.391539259 6 6 2 G
0.432873528 6 6 3 G
0.463295612 6 6 4 G
0.483267235 6 6 5 G
0.510849222 6 6 6 G
0.552718572 6 6 7 G
0.588525706 6 6 8 G
0.618787204 6 6 9 G
0.646783206 6 6 10 G
0.665166970 6 6 11 G
0.676480983 6 6 12 G
0.715285593 6 6 13 G
0.743852240 6 6 14 G
0.777654502 6 6 0 G
0.817150704 6 6 1 G
0.831359883 6 6 2 G
0.850859706 6 6 3 G
0.866525289 6 6 4 G
0.907487223 6 6 5 G
0.918816272 6 6 6 G
0.940676687 6 6 7 G
0.980910764 6 6 8 G
0.996994091 6 6 9 G
1.023287389 6 6 10 G
1.043098891 6 6 11 G
1.063748158 6 6 12 G
1.101690226 6 6 13 G
1.122361998 6 6 14 G
1.172210187 6 6 0 G
1.189678205 6 6 1 G
0.000000000 12 12 12 M
0.049265169 12 12 11 M
0.061491653 12 12 10 M
0.071930789 12 12 9 M
0.087663487 12 12 8 M
0.107311038 12 12 7 M
0.151602204 12 12 6 M
0.197223305 12 12 5 M
0.225215072 12 12 4 M
0.249907257 12 12 3 M
0.270276617 12 12 2 M
0.280932283 12 12 1 M
0.299548749 12 12 0 M
0.315880986 12 12 14 M
0.330875617 12 12 13 M
0.365370512 12 12 12 M
0.401399826 12 12 11 M
0.450852823 12 12 10 M
0.492726751 12 12 9 M
0.519778435 12 12 8 M
0.535681664 12 12 7 M
0.580822573 12 12 6 M
0.615109306 12 12 5 M
0.665131009 12 12 4 M
0.697455243 12 12 3 M
0.715293147 12 12 2 M
0.743846578 12 12 1 M
0.760648332 12 12 0 M
0.796824056 12 12 14 M
0.822126921 12 12 13 M
0.855379750 12 12 12 M
0.881239731 12 12 11 M
0.895424972 12 12 10 M
0.910984017 12 12 9 M
0.922034344 12 12 8 M
0.968320428 12 12 7 M
1.008832308 12 12 6 M
1.022193643 12 12 5 M
1.072072615 12 12 4 M
1.082679065 12 12 3 M
1.126637630 12 12 2 M
1.170043346 12 12 1 M
1.190798369 12 12 0 M
1.228622050 12 12 14 M
1.243758705 12 12 13 M
0.000000000 14 14 14 O
0.029570943 14 14 0 O
0.057757719 14 14 1 O
0.107411049 14 14 2 O
0.149400961 14 14 3 O
0.193807527 14 14 4 O
0.214688685 14 14 5 O
0.262656963 14 14 6 O
0.326719586 14 14 7 O
0.373718181 14 14 8 O
0.422957148 14 14 9 O
0.466800929 14 14 10 O
0.498404093 14 14 11 O
0.535783845 14 14 12 O
0.552805715 14 14 13 O
0.572972316 14 14 14 O
0.605937497 14 14 0 O
0.644266040 14 14 1 O
0.673015573 14 14 2 O
0.718722542 14 14 3 O
0.729864754 14 14 4 O
0.770085408 14 14 5 O
0.801158700 14 14 6 O
0.832610043 14 14 7 O
0.864250835 14 14 8 O
0.895422047 14 14 9 O
0.918761319 14 14 10 O
0.977279271 14 14 11 O
1.023284594 14 14 12 O
1.051282713 14 14 13 O
1.080500784 14 14 14 O
1.113996580 14 14 0 O
1.153817782 14 14 1 O
1.203901384 14 14 2 O
1.244355230 14 14 3 O
1.266218299 14 14 4 O
0.000000000 9 9 9 J
0.022668892 9 8 9 J
0.035430984 9 7 9 J
0.051765353 9 6 9 J
0.078022416 9 5 9 J
0.093916529 9 4 9 J
0.134640909 9 3 9 J
0.153952437 9 2 9 J
0.201793898 9 1 9 J
0.232588653 9 0 9 J
0.256276445 9 14 9 J
0.297751037 9 13 9 J
0.315867428 9 12 9 J
0.330873768 9 11 9 J
0.367214284 9 10 9 J
0.411278893 9 9 9 J
0.439071344 9 8 9 J
0.456945902 9 7 9 J
0.498353011 9 6 9 J
0.514149446 9 5 9 J
0.543375898 9 4 9 J
0.587355353 9 3 9 J
0.624165769 9 2 9 J
0.666337588 9 1 9 J
0.706634197 9 0 9 J
0.733221168 9 14 9 J
0.773611444 9 13 9 J
0.824577464 9 12 9 J
0.866598267 9 11 9 J
0.904132175 9 10 9 J
0.946190030 9 9 9 J
0.978995795 9 8 9 J
0.999476799 9 7 9 J
1.024355775 9 6 9 J
1.065851865 9 5 9 J
1.089961322 9 4 9 J
1.117175679 9 3 9 J
1.160317103 9 2 9 J
1.198992092 9 1 9 J
1.237101957 9 0 9 J
1.276861866 9 14 9 J
1.292899937 9 13 9 J
0.000000000 3 3 3 D
0.049528168 3 4 3 D
0.092639792 3 5 3 D
0.125841739 3 6 3 D
0.145020859 3 7 3 D
0.191599946 3 8 3 D
0.235855721 3 9 3 D
0.301848695 3 10 3 D
0.323448702 3 11 3 D
0.372649695 3 12 3 D
0.393853740 3 13 3 D
0.442139234 3 14 3 D
0.476704840 3 0 3 D
0.492669449 3 1 3 D
0.514159517 3 2 3 D
0.544624441 3 3 3 D
0.557504183 3 4 3 D
0.576383304 3 5 3 D
0.612720982 3 6 3 D
0.626582291 3 7 3 D
0.650139665 3 8 3 D
0.684132429 3 9 3 D
0.717589949 3 10 3 D
0.745214424 3 11 3 D
0.765239440 3 12 3 D
0.790665831 3 13 3 D
0.832693311 3 14 3 D
0.860599905 3 0 3 D
0.893064298 3 1 3 D
0.914534712 3 2 3 D
0.952519611 3 3 3 D
0.998385636 3 4 3 D
1.024366820 3 5 3 D
1.074220849 3 6 3 D
1.103850706 3 7 3 D
1.125540861 3 8 3 D
1.169531317 3 9 3 D
1.215674017 3 10 3 D
1.262797574 3 11 3 D
1.285233967 3 12 3 D
1.322480531 3 13 3 D
0.000000000 1 1 1 B
0.033011472 1 0 1 B
0.107415039 1 14 1 B
0.151712741 1 13 1 B
0.170930312 1 12 1 B
0.214695205 1 11 1 B
0.248786887 1 10 1 B
0.279593030 1 9 1 B
0.307003172 1 8 1 B
0.333995651 1 7 1 B
0.391540446 1 6 1 B
0.430593522 1 5 1 B
0.458035198 1 4 1 B
0.491508840 1 3 1 B
0.510883636 1 2 1 B
0.546937578 1 1 1 B
0.595356723 1 0 1 B
0.617484582 1 14 1 B
0.644261258 1 13 1 B
0.686473237 1 12 1 B
0.714105483 1 11 1 B
0.791309369 1 10 1 B
0.818370591 1 9 1 B
0.853040566 1 8 1 B
0.881290224 1 7 1 B
0.893003686 1 6 1 B
0.910978157 1 5 1 B
0.949514632 1 4 1 B
0.982030421 1 3 1 B
1.006654789 1 2 1 B
1.052384028 1 1 1 B
1.097427562 1 0 1 B
1.113997881 1 14 1 B
1.153720676 1 13 1 B
1.190799289 1 12 1 B
1.230877696 1 11 1 B
1.262712472 1 10 1 B
1.296216280 1 9 1 B
1.331955343 1 8 1 B
1.371853132 1 7 1 B
1.636549074 1 7 1 b
0.000000000 10 10 10 K
0.027428331 10 10 9 K
0.071762835 10 10 8 K
0.088479840 10 10 7 K
0.123719941 10 10 6 K
0.170886134 10 10 5 K
0.215788661 10 10 4 K
0.261550664 10 10 3 K
0.301841945 10 10 2 K
0.337172465 10 10 1 K
0.386295484 10 10 0 K
0.408951726 10 10 14 K
0.447348875 10 10 13 K
0.464559490 10 10 12 K
0.476696086 10 10 11 K
0.493857531 10 10 10 K
0.511970276 10 10 9 K
0.537029899 10 10 8 K
0.574083225 10 10 7 K
0.588511346 10 10 6 K
0.630199981 10 10 5 K
0.679783881 10 10 4 K
0.697374164 10 10 3 K
0.717585393 10 10 2 K
0.745133290 10 10 1 K
0.791211901 10 10 0 K
0.829004242 10 10 14 K
0.843128166 10 10 13 K
0.870849392 10 10 12 K
0.908606302 10 10 11 K
0.950357539 10 10 10 K
0.996951774 10 10 9 K
1.009869445 10 10 8 K
1.031741425 10 10 7 K
1.051280288 10 10 6 K
1.063755413 10 10 5 K
1.087831832 10 10 4 K
1.102788742 10 10 3 K
1.147349542 10 10 2 K
1.169425611 10 10 1 K
1.208307028 10 10 0 K
1.224920806 10 10 14 K
1.273555019 10 10 13 K
1.312888860 10 10 12 K
1.327620973 10 10 11 K
1.346244404 10 10 10 K
1.379312893 10 10 9 K
1.426520196 10 10 8 K
1.437982206 10 10 7 K
1.470631836 10 10 6 K
1.517013290 10 10 5 K
1.541739614 10 10 4 K
1.563974323 10 10 3 K
1.602725087 10 10 2 K
1.634836494 10 10 1 K
1.661369000 10 10 0 K
1.706723027 10 10 14 K
1.734884844 10 10 13 K
1.776689616 10 10 12 K
1.787945257 10 10 11 K
0.000000000 0 0 0 A
0.107417394 0 0 1 A
0.139410468 0 0 2 A
0.157355564 0 0 3 A
0.172004782 0 0 4 A
0.204986636 0 0 5 A
0.242229397 0 0 6 A
0.254133348 0 0 7 A
0.265788000 0 0 8 A
0.301633272 0 0 9 A
0.325628757 0 0 10 A
0.346790775 0 0 11 A
0.365505270 0 0 12 A
0.408918462 0 0 13 A
0.434931921 0 0 14 A
0.473445236 0 0 0 A
0.517506076 0 0 1 A
0.527921157 0 0 2 A
0.555099568 0 0 3 A
0.586140494 0 0 4 A
0.607040830 0 0 5 A
0.639850239 0 0 6 A
0.670815084 0 0 7 A
0.685279142 0 0 8 A
0.733225677 0 0 9 A
0.762007806 0 0 10 A
0.787157097 0 0 11 A
0.817071112 0 0 12 A
0.861852813 0 0 13 A
0.899663633 0 0 14 A
0.921996461 0 0 0 A
0.933563493 0 0 1 A
0.983119200 0 0 2 A
1.008803480 0 0 3 A
1.023287895 0 0 4 A
1.067924106 0 0 5 A
1.098528834 0 0 6 A
1.128786928 0 0 7 A
1.167272171 0 0 8 A
1.189708987 0 0 9 A
1.237096339 0 0 10 A
1.287648527 0 0 11 A
1.311779716 0 0 12 A
1.353621932 0 0 13 A
1.375053820 0 0 14 A
1.397997847 0 0 0 A
1.414446976 0 0 1 A
1.445169689 0 0 2 A
1.495304355 0 0 3 A
1.508678140 0 0 4 A
1.528559542 0 0 5 A
1.573306816 0 0 6 A
1.626538792 0 0 7 A
1.653137747 0 0 8 A
1.703355110 0 0 9 A
1.747324452 0 0 10 A
1.760033946 0 0 11 A
1.793339841 0 0 12 A
1.841073019 0 0 13 A
1.860861879 0 0 14 A
1.895876373 0 0 0 A
1.921474001 0 0 1 A
1.943035037 0 0 2 A
1.986655719 0 0 3 A
2.019011367 0 0 4 A
2.048374498 0 0 5 A
2.084800555 0 0 6 A
2.139998525 0 0 7 A
2.161916207 0 0 8 A
0.000000000 11 11 11 L
0.022706670 11 10 11 L
0.034140487 11 9 11 L
0.044430623 11 8 11 L
0.093707950 11 7 11 L
0.118209905 11 6 11 L
0.149323804 11 5 11 L
0.177276801 11 4 11 L
0.223058748 11 3 11 L
0.267933494 11 2 11 L
0.308763703 11 1 11 L
0.365505978 11 0 11 L
0.384107448 11 14 11 L
0.427132153 11 13 11 L
0.450854952 11 12 11 L
0.480013002 11 11 11 L
0.511948864 11 10 11 L
0.544699094 11 9 11 L
0.592934994 11 8 11 L
0.643091031 11 7 11 L
0.676486686 11 6 11 L
0.705476695 11 5 11 L
0.793564180 11 4 11 L
0.809941669 11 3 11 L
0.856504605 11 2 11 L
0.884645036 11 1 11 L
0.918766609 11 0 11 L
0.932280742 11 14 11 L
0.977158753 11 13 11 L
1.009868200 11 12 11 L
1.041007605 11 11 11 L
1.076405077 11 10 11 L
1.094133013 11 9 11 L
1.136912956 11 8 11 L
1.181390765 11 7 11 L
1.200281686 11 6 11 L
1.246009822 11 5 11 L
1.292893572 11 4 11 L
1.322398188 11 3 11 L
1.363282831 11 2 11 L
1.390716603 11 1 11 L
1.434758205 11 0 11 L
1.454354702 11 14 11 L
1.478922517 11 13 11 L
1.498496638 11 12 11 L
1.512800777 11 11 11 L
1.526380498 11 10 11 L
1.560902777 11 9 11 L
1.588791688 11 8 11 L
1.632689977 11 7 11 L
1.665598707 11 6 11 L
1.715889498 11 5 11 L
1.758924110 11 4 11 L
1.795620371 11 3 11 L
1.807109820 11 2 11 L
1.849479018 11 1 11 L
1.890479011 11 0 11 L
1.911090954 11 14 11 L
1.949260441 11 13 11 L
1.960505997 11 12 11 L
2.008617095 11 11 11 L
2.282700347 11 11 11 l
0.000000000 7 7 7 H
0.026179237 7 6 7 H
0.073499493 7 5 7 H
0.100646769 7 4 7 H
0.144946331 7 3 7 H
0.189073630 7 2 7 H
0.234793324 7 1 7 H
0.265789188 7 0 7 H
0.289821873 7 14 7 H
0.326718809 7 13 7 H
0.354491011 7 12 7 H
0.370489667 7 11 7 H
0.399016388 7 10 7 H
0.427210759 7 9 7 H
0.496086846 7 8 7 H
0.536950036 7 7 7 H
0.588534206 7 6 7 H
0.602705172 7 5 7 H
0.630154181 7 4 7 H
0.645493564 7 3 7 H
0.669572501 7 2 7 H
0.688816283 7 1 7 H
0.705413026 7 0 7 H
0.743928052 7 14 7 H
0.787772983 7 13 7 H
0.806576739 7 12 7 H
0.819663807 7 11 7 H
0.845506239 7 10 7 H
0.884715692 7 9 7 H
0.912250613 7 8 7 H
0.928351752 7 7 7 H
0.980911905 7 6 7 H
1.009865999 7 5 7 H
1.028543478 7 4 7 H
1.072063666 7 3 7 H
1.096310908 7 2 7 H
1.142170339 7 1 7 H
1.188576286 7 0 7 H
1.226198896 7 14 7 H
1.250408481 7 13 7 H
1.298484584 7 12 7 H
1.312970008 7 11 7 H
1.356947585 7 10 7 H
1.370630130 7 9 7 H
1.407183162 7 8 7 H
1.429654065 7 7 7 H
1.455453150 7 6 7 H
1.473797841 7 5 7 H
1.484009918 7 4 7 H
1.515924352 7 3 7 H
1.551840621 7 2 7 H
1.578487721 7 1 7 H
1.596912408 7 0 7 H
1.626537676 7 14 7 H
1.676888011 7 13 7 H
1.718160012 7 12 7 H
1.735986844 7 11 7 H
1.749731773 7 10 7 H
1.776608519 7 9 7 H
1.803890664 7 8 7 H
1.849553406 7 7 7 H
1.891622890 7 6 7 H
1.941921211 7 5 7 H
1.989841297 7 4 7 H
2.022428912 7 3 7 H
2.042092301 7 2 7 H
2.078662357 7 1 7 H
2.099925404 7 0 7 H
2.139896125 7 14 7 H
2.165094433 7 13 7 H
2.191392715 7 12 7 H
2.209743279 7 11 7 H
2.244049993 7 10 7 H
2.279411541 7 9 7 H
2.325913737 7 8 7 H
0.000000000 8 8 8 I
0.036076104 8 8 9 I
0.055120205 8 8 10 I
0.093710785 8 8 11 I
0.141818967 8 8 12 I
0.164065118 8 8 13 I
0.187536125 8 8 14 I
0.233693390 8 8 0 I
0.265790609 8 8 1 I
0.282422603 8 8 2 I
0.318002357 8 8 3 I
0.363338766 8 8 4 I
0.400242601 8 8 5 I
0.445379531 8 8 6 I
0.468969688 8 8 7 I
0.496080944 8 8 8 I
0.516408963 8 8 9 I
0.527979938 8 8 10 I
0.547017040 8 8 11 I
0.579636182 8 8 12 I
0.616233674 8 8 13 I
0.638718926 8 8 14 I
0.665281059 8 8 0 I
0.689968987 8 8 1 I
0.717566463 8 8 2 I
0.746442282 8 8 3 I
0.767485397 8 8 4 I
0.788474646 8 8 5 I
0.809861697 8 8 6 I
0.824499268 8 8 7 I
0.861858552 8 8 8 I
0.908600461 8 8 9 I
0.927190261 8 8 10 I
0.961425621 8 8 11 I
0.972194799 8 8 12 I
1.018020010 8 8 13 I
1.033860011 8 8 14 I
1.054562881 8 8 0 I
1.096313035 8 8 1 I
1.141083810 8 8 2 I
1.169532088 8 8 3 I
1.201573423 8 8 4 I
1.241327230 8 8 5 I
1.264940938 8 8 6 I
1.313994259 8 8 7 I
1.356868111 8 8 8 I
1.369475549 8 8 9 I
1.408286728 8 8 10 I
1.436878847 8 8 11 I
1.485111163 8 8 12 I
1.497395350 8 8 13 I
1.521196597 8 8 14 I
1.570157523 8 8 0 I
1.580604804 8 8 1 I
1.601082817 8 8 2 I
1.646924612 8 8 3 I
1.694083742 8 8 4 I
1.706643063 8 8 5 I
1.733577742 8 8 6 I
1.765334056 8 8 7 I
1.803885011 8 8 8 I
1.815536219 8 8 9 I
1.835687566 8 8 10 I
1.867090530 8 8 11 I
1.889333074 8 8 12 I
1.935727616 8 8 13 I
1.949254090 8 8 14 I
1.996235953 8 8 0 I
2.033942480 8 8 1 I
2.070547046 8 8 2 I
2.102076640 8 8 3 I
2.117253485 8 8 4 I
2.128434456 8 8 5 I
2.168250037 8 8 6 I
2.203591876 8 8 7 I
2.214863640 8 8 8 I
2.242966952 8 8 9 I
2.275229979 8 8 10 I
2.307753982 8 8 11 I
2.337098402 8 8 12 I
2.362361960 8 8 13 I
2.390638607 8 8 14 I
2.422791068 8 8 0 I
2.453024240 8 8 1 I
2.485180896 8 8 2 I
2.525454357 8 8 3 I
2.548727553 8 8 4 I
2.579968316 8 8 5 I
2.623219154 8 8 6 I
2.888488927 8 8 6 i
