-1 15 15 15
0.000000000 12 12 12 M
0.039952210 12 12 13 M
0.087883235 12 12 14 M
0.119896806 12 12 0 M
0.141190821 12 12 1 M
0.174394795 12 12 2 M
0.217725293 12 12 3 M
0.243213581 12 12 4 M
0.287117426 12 12 5 M
0.328989600 12 12 6 M
0.362647827 12 12 7 M
0.381820906 12 12 8 M
0.404185252 12 12 9 M
0.453488459 12 12 10 M
0.000000000 0 0 0 A
0.045835046 0 0 14 A
0.099727790 0 0 13 A
0.148882156 0 0 12 A
0.165212640 0 0 11 A
0.190823235 0 0 10 A
0.249372214 0 0 9 A
0.276521215 0 0 8 A
0.306583844 0 0 7 A
0.348438093 0 0 6 A
0.378360261 0 0 5 A
0.427682396 0 0 4 A
0.442038619 0 0 3 A
0.486064069 0 0 2 A
0.537669508 0 0 1 A
0.571054401 0 0 0 A
0.000000000 6 6 6 G
0.013207778 6 6 5 G
0.046132972 6 6 4 G
0.078473657 6 6 3 G
0.114099283 6 6 2 G
0.157636160 6 6 1 G
0.188934825 6 6 0 G
0.203685307 6 6 14 G
0.251565938 6 6 13 G
0.280766648 6 6 12 G
0.306586734 6 6 11 G
0.333419834 6 6 10 G
0.348444042 6 6 9 G
0.398500959 6 6 8 G
0.416474924 6 6 7 G
0.436761196 6 6 6 G
0.467783178 6 6 5 G
0.511394237 6 6 4 G
0.535379226 6 6 3 G
0.575373207 6 6 2 G
0.589140492 6 6 1 G
0.000000000 13 13 13 N
0.020828169 13 14 13 N
0.053119938 13 0 13 N
0.099726047 13 1 13 N
0.146715515 13 2 13 N
0.170521400 13 3 13 N
0.186729128 13 4 13 N
0.210305239 13 5 13 N
0.226072081 13 6 13 N
0.243215679 13 7 13 N
0.284913296 13 8 13 N
0.332279458 13 9 13 N
0.379507604 13 10 13 N
0.413081516 13 11 13 N
0.455666474 13 12 13 N
0.505556012 13 13 13 N
0.549743933 13 14 13 N
0.564528358 13 0 13 N
0.584781152 13 1 13 N
0.615146468 13 2 13 N
0.640909248 13 3 13 N
0.701510900 13 4 13 N
0.000000000 11 11 11 L
0.016440469 11 10 11 L
0.048290562 11 9 11 L
0.077253407 11 8 11 L
0.123133346 11 7 11 L
0.141153061 11 6 11 L
0.167721191 11 5 11 L
0.204744436 11 4 11 L
0.236870189 11 3 11 L
0.287120213 11 2 11 L
0.318279565 11 1 11 L
0.333468425 11 0 11 L
0.346167254 11 14 11 L
0.368333502 11 13 11 L
0.382959193 11 12 11 L
0.399650116 11 11 11 L
0.418748930 11 10 11 L
0.445357757 11 9 11 L
0.490626232 11 8 11 L
0.502193333 11 7 11 L
0.520535831 11 6 11 L
0.548587033 11 5 11 L
0.568850490 11 4 11 L
0.586958273 11 3 11 L
0.604706705 11 2 11 L
0.646251932 11 1 11 L
0.674819494 11 0 11 L
0.688481576 11 14 11 L
0.728121483 11 13 11 L
0.754990654 11 12 11 L
0.783127058 11 11 11 L
0.000000000 14 14 14 O
0.053122423 14 14 13 O
0.091315797 14 14 12 O
0.120961931 14 14 11 O
0.170716604 14 14 10 O
0.199144487 14 14 9 O
0.212555074 14 14 8 O
0.235578269 14 14 7 O
0.273330021 14 14 6 O
0.304264027 14 14 5 O
0.343911563 14 14 4 O
0.367011657 14 14 3 O
0.400865635 14 14 2 O
0.422911256 14 14 1 O
0.470813909 14 14 0 O
0.488269386 14 14 14 O
0.512764660 14 14 13 O
0.532199949 14 14 12 O
0.548609325 14 14 11 O
0.571038630 14 14 10 O
0.615515185 14 14 9 O
0.631075201 14 14 8 O
0.660923809 14 14 7 O
0.692792757 14 14 6 O
0.710052264 14 14 5 O
0.731533310 14 14 4 O
0.749685176 14 14 3 O
0.773702165 14 14 2 O
0.791616700 14 14 1 O
0.000000000 5 5 5 F
0.046904045 5 6 5 F
0.067205754 5 7 5 F
0.090164943 5 8 5 F
0.104143683 5 9 5 F
0.144552139 5 10 5 F
0.193899673 5 11 5 F
0.207980930 5 12 5 F
0.237776772 5 13 5 F
0.249356428 5 14 5 F
0.264789213 5 0 5 F
0.288258174 5 1 5 F
0.311792662 5 2 5 F
0.332275017 5 3 5 F
0.348519184 5 4 5 F
0.374913873 5 5 5 F
0.424211967 5 6 5 F
0.467765164 5 7 5 F
0.490539768 5 8 5 F
0.515085894 5 9 5 F
0.537634744 5 10 5 F
0.586916597 5 11 5 F
0.621763370 5 12 5 F
0.657567026 5 13 5 F
0.681961481 5 14 5 F
0.700347795 5 0 5 F
0.740165284 5 1 5 F
0.778950458 5 2 5 F
0.795824530 5 3 5 F
0.840170915 5 4 5 F
0.000000000 1 1 1 B
0.025041717 1 2 1 B
0.067212884 1 3 1 B
0.100719033 1 4 1 B
0.122029269 1 5 1 B
0.188936603 1 6 1 B
0.232647279 1 7 1 B
0.249373668 1 8 1 B
0.265905820 1 9 1 B
0.311807767 1 10 1 B
0.343945767 1 11 1 B
0.363339714 1 12 1 B
0.404125332 1 13 1 B
0.470819829 1 14 1 B
0.489397507 1 0 1 B
0.537663991 1 1 1 B
0.560168419 1 2 1 B
0.603600320 1 3 1 B
0.652671539 1 4 1 B
0.666180879 1 5 1 B
0.957779675 1 5 1 b
0.000000000 4 4 4 E
0.035428955 4 4 3 E
0.052952852 4 4 2 E
0.064941012 4 4 1 E
0.087923268 4 4 0 E
0.116771565 4 4 14 E
0.158733031 4 4 13 E
0.181961175 4 4 12 E
0.236871271 4 4 11 E
0.263744714 4 4 10 E
0.287111642 4 4 9 E
0.317145741 4 4 8 E
0.357123381 4 4 7 E
0.391210771 4 4 6 E
0.435610766 4 4 5 E
0.466192401 4 4 4 E
0.525079329 4 4 3 E
0.542069608 4 4 2 E
0.581507673 4 4 1 E
0.608861185 4 4 0 E
0.628941776 4 4 14 E
0.655141239 4 4 13 E
0.701506003 4 4 12 E
0.718528342 4 4 11 E
0.766514690 4 4 10 E
0.810322997 4 4 9 E
0.843396534 4 4 8 E
0.887826300 4 4 7 E
0.907719699 4 4 6 E
1.207267443 4 4 6 e
0.000000000 3 3 3 D
0.052956714 3 4 3 D
0.073931437 3 5 3 D
0.114103728 3 6 3 D
0.131465439 3 7 3 D
0.163014470 3 8 3 D
0.199146615 3 9 3 D
0.226372439 3 10 3 D
0.265858001 3 11 3 D
0.293589951 3 12 3 D
0.337693914 3 13 3 D
0.355945971 3 14 3 D
0.367005876 3 0 3 D
0.415350177 3 1 3 D
0.427597709 3 2 3 D
0.452301229 3 3 3 D
0.489390952 3 4 3 D
0.524995959 3 5 3 D
0.575374941 3 6 3 D
0.589339312 3 7 3 D
0.601445670 3 8 3 D
0.638654091 3 9 3 D
0.686196922 3 10 3 D
0.702626079 3 11 3 D
0.716247923 3 12 3 D
0.744374610 3 13 3 D
0.776796451 3 14 3 D
0.788436906 3 0 3 D
0.812497780 3 1 3 D
0.855809969 3 2 3 D
0.885691951 3 3 3 D
0.909849415 3 4 3 D
0.927531676 3 5 3 D
0.977623598 3 6 3 D
1.015491864 3 7 3 D
1.058178582 3 8 3 D
1.086220621 3 9 3 D
1.135913412 3 10 3 D
1.155400797 3 11 3 D
1.192574787 3 12 3 D
1.228292986 3 13 3 D
1.266734581 3 14 3 D
1.294653567 3 0 3 D
1.323812945 3 1 3 D
1.338450553 3 2 3 D
0.000000000 10 10 10 K
0.056641037 10 10 9 K
0.069431019 10 10 8 K
0.114106561 10 10 7 K
0.133709930 10 10 6 K
0.193901021 10 10 5 K
0.241017216 10 10 4 K
0.279719687 10 10 3 K
0.325806415 10 10 2 K
0.348513258 10 10 1 K
0.371600697 10 10 0 K
0.410779375 10 10 14 K
0.434348846 10 10 13 K
0.447747097 10 10 12 K
0.492952759 10 10 11 K
0.532207103 10 10 10 K
0.561303690 10 10 9 K
0.582644619 10 10 8 K
0.616246504 10 10 7 K
0.634343956 10 10 6 K
0.674759031 10 10 5 K
0.723825368 10 10 4 K
0.766514014 10 10 3 K
0.802141753 10 10 2 K
0.850574579 10 10 1 K
0.898253451 10 10 0 K
0.922183075 10 10 14 K
0.956171065 10 10 13 K
0.990138094 10 10 12 K
1.027763493 10 10 11 K
1.066587363 10 10 10 K
1.109661811 10 10 9 K
1.158620098 10 10 8 K
1.178103279 10 10 7 K
1.216375381 10 10 6 K
1.229424845 10 10 5 K
1.253200144 10 10 4 K
1.285280690 10 10 3 K
1.311551584 10 10 2 K
1.351258557 10 10 1 K
1.378237653 10 10 0 K
0.000000000 7 7 7 H
0.038714907 7 8 7 H
0.055850536 7 9 7 H
0.072780604 7 10 7 H
0.110735966 7 11 7 H
0.138873825 7 12 7 H
0.186977690 7 13 7 H
0.198016162 7 14 7 H
0.235577806 7 0 7 H
0.272214281 7 1 7 H
0.284930662 7 2 7 H
0.315930462 7 3 7 H
0.391214726 7 4 7 H
0.429909855 7 5 7 H
0.445363772 7 6 7 H
0.494196318 7 7 7 H
0.511442043 7 8 7 H
0.555927985 7 9 7 H
0.568853056 7 10 7 H
0.616245161 7 11 7 H
0.655217114 7 12 7 H
0.699193170 7 13 7 H
0.736860740 7 14 7 H
0.751825163 7 0 7 H
0.776803463 7 1 7 H
0.798967516 7 2 7 H
0.813594793 7 3 7 H
0.828979353 7 4 7 H
0.851669592 7 5 7 H
0.868322573 7 6 7 H
0.885689028 7 7 7 H
0.925369810 7 8 7 H
0.958375601 7 9 7 H
1.005255801 7 10 7 H
1.025671540 7 11 7 H
1.044057778 7 12 7 H
1.074207356 7 13 7 H
1.099503307 7 14 7 H
1.141092728 7 0 7 H
1.189394824 7 1 7 H
1.222884073 7 2 7 H
1.234594695 7 3 7 H
1.257491337 7 4 7 H
1.294584915 7 5 7 H
1.326097692 7 6 7 H
1.349007561 7 7 7 H
1.369960387 7 8 7 H
1.381655862 7 9 7 H
1.412341800 7 10 7 H
1.459115465 7 11 7 H
1.472495535 7 12 7 H
1.502872963 7 13 7 H
0.000000000 2 2 2 C
0.067217337 2 2 1 C
0.113158787 2 2 0 C
0.152288441 2 2 14 C
0.199129918 2 2 13 C
0.218792599 2 2 12 C
0.238858710 2 2 11 C
0.287118521 2 2 10 C
0.330094500 2 2 9 C
0.376039034 2 2 8 C
0.413133704 2 2 7 C
0.434354439 2 2 6 C
0.449969329 2 2 5 C
0.499833741 2 2 4 C
0.544310094 2 2 3 C
0.574284032 2 2 2 C
0.617397600 2 2 1 C
0.652740878 2 2 0 C
0.699204061 2 2 14 C
0.717391901 2 2 13 C
0.730373869 2 2 12 C
0.745473429 2 2 11 C
0.761160920 2 2 10 C
0.798968767 2 2 9 C
0.817754055 2 2 8 C
0.855806237 2 2 7 C
0.892070499 2 2 6 C
0.902960491 2 2 5 C
0.928624172 2 2 4 C
0.942985508 2 2 3 C
0.968498451 2 2 2 C
0.985900549 2 2 1 C
1.031941082 2 2 0 C
1.079090848 2 2 14 C
1.125785572 2 2 13 C
1.156465633 2 2 12 C
1.188294652 2 2 11 C
1.199757728 2 2 10 C
1.213898840 2 2 9 C
1.247853274 2 2 8 C
1.295844657 2 2 7 C
1.327243376 2 2 6 C
1.361575878 2 2 5 C
1.378852116 2 2 4 C
1.657039391 2 2 4 c
0.000000000 8 8 8 I
0.049081443 8 8 9 I
0.070555329 8 8 10 I
0.123134565 8 8 11 I
0.160877810 8 8 12 I
0.201440580 8 8 13 I
0.216678257 8 8 14 I
0.263789312 8 8 0 I
0.299916936 8 8 1 I
0.343939842 8 8 2 I
0.362756351 8 8 3 I
0.404068903 8 8 4 I
0.431100128 8 8 5 I
0.463934519 8 8 6 I
0.495478709 8 8 7 I
0.507910518 8 8 8 I
0.524820275 8 8 9 I
0.575376060 8 8 10 I
0.615149286 8 8 11 I
0.653904818 8 8 12 I
0.695956779 8 8 13 I
0.725002554 8 8 14 I
0.763315275 8 8 0 I
0.813596562 8 8 1 I
0.858957146 8 8 2 I
0.881504120 8 8 3 I
0.908780703 8 8 4 I
0.932766138 8 8 5 I
0.980778025 8 8 6 I
1.016550438 8 8 7 I
1.058174907 8 8 8 I
1.076956948 8 8 9 I
1.093359621 8 8 10 I
1.112800531 8 8 11 I
1.161793290 8 8 12 I
1.194715992 8 8 13 I
1.215134353 8 8 14 I
1.253167748 8 8 0 I
1.295816656 8 8 1 I
1.309263800 8 8 2 I
1.351297397 8 8 3 I
1.378163811 8 8 4 I
1.420607408 8 8 5 I
1.438954743 8 8 6 I
1.473561616 8 8 7 I
1.496746206 8 8 8 I
1.539199822 8 8 9 I
1.586596670 8 8 10 I
1.600903250 8 8 11 I
1.639249139 8 8 12 I
1.688873831 8 8 13 I
1.702020586 8 8 14 I
1.726601753 8 8 0 I
1.754275210 8 8 1 I
1.796877571 8 8 2 I
1.833279124 8 8 3 I
1.864740799 8 8 4 I
1.912216422 8 8 5 I
1.956885940 8 8 6 I
2.004640522 8 8 7 I
2.015891263 8 8 8 I
2.032398056 8 8 9 I
2.081553354 8 8 10 I
2.113827690 8 8 11 I
2.131410755 8 8 12 I
2.169913047 8 8 13 I
2.214440479 8 8 14 I
2.257128190 8 8 0 I
2.297439159 8 8 1 I
2.342821788 8 8 2 I
2.364454131 8 8 3 I
2.407097856 8 8 4 I
2.454770531 8 8 5 I
2.493195452 8 8 6 I
2.543441047 8 8 7 I
0.000000000 9 9 9 J
0.013217576 9 10 9 J
0.056636422 9 11 9 J
0.095681581 9 12 9 J
0.141233347 9 13 9 J
0.152250320 9 14 9 J
0.199142013 9 0 9 J
0.249370463 9 1 9 J
0.296755450 9 2 9 J
0.330089804 9 3 9 J
0.354833246 9 4 9 J
0.377209324 9 5 9 J
0.406556421 9 6 9 J
0.428808150 9 7 9 J
0.442006462 9 8 9 J
0.461341070 9 9 9 J
0.491834478 9 10 9 J
0.510252986 9 11 9 J
0.544331772 9 12 9 J
0.566743771 9 13 9 J
0.601404573 9 14 9 J
0.615454430 9 0 9 J
0.647415417 9 1 9 J
0.667346457 9 2 9 J
0.708950847 9 3 9 J
0.723817783 9 4 9 J
0.739077208 9 5 9 J
0.762224133 9 6 9 J
0.787335948 9 7 9 J
0.827882266 9 8 9 J
0.866141079 9 9 9 J
0.888888914 9 10 9 J
0.902442087 9 11 9 J
0.917085937 9 12 9 J
0.939830993 9 13 9 J
0.988022010 9 14 9 J
1.010375776 9 0 9 J
1.030883147 9 1 9 J
1.072710973 9 2 9 J
1.121649088 9 3 9 J
1.145238959 9 4 9 J
1.172920022 9 5 9 J
1.220664354 9 6 9 J
1.269933269 9 7 9 J
1.304045190 9 8 9 J
1.342788507 9 9 9 J
1.366741400 9 10 9 J
1.405900803 9 11 9 J
1.435791818 9 12 9 J
1.468308531 9 13 9 J
1.483704661 9 14 9 J
1.528018455 9 0 9 J
1.562413425 9 1 9 J
1.595776045 9 2 9 J
1.607064569 9 3 9 J
1.640341826 9 4 9 J
1.679682525 9 5 9 J
1.724290096 9 6 9 J
1.742898757 9 7 9 J
1.771534076 9 8 9 J
1.788732165 9 9 9 J
1.823025067 9 10 9 J
1.858579879 9 11 9 J
1.906970186 9 12 9 J
1.933558274 9 13 9 J
1.954762798 9 14 9 J
1.982255945 9 0 9 J
2.022104203 9 1 9 J
2.038832727 9 2 9 J
2.052058712 9 3 9 J
2.079249096 9 4 9 J
2.119025158 9 5 9 J
2.131450285 9 6 9 J
2.162678094 9 7 9 J
2.206232496 9 8 9 J
2.232772264 9 9 9 J
2.251927904 9 10 9 J
2.285363317 9 11 9 J
2.302579262 9 12 9 J
2.352196302 9 13 9 J
2.366770902 9 14 9 J
2.385889437 9 0 9 J
2.417499767 9 1 9 J
2.435623432 9 2 9 J
2.476984092 9 3 9 J
2.505519091 9 4 9 J
2.518820505 9 5 9 J
2.538016020 9 6 9 J
2.587656489 9 7 9 J
2.614872627 9 8 9 J
2.654087736 9 9 9 J
2.682372608 9 10 9 J
2.730637274 9 11 9 J
2.773905673 9 12 9 J
2.792159872 9 13 9 J
2.825420650 9 14 9 J
2.873559642 9 0 9 J
2.896790010 9 1 9 J
