-1  15  15  15
 0.000656503  3  2  4 D
 0.025242208  3  3  4 D
 0.071897911  3  2  4 D
 0.085899474  3  1  4 D
 0.111273306  3  1  5 D
 0.131606194  3  0  5 D
 0.178800209  3  14  5 D
 0.215322414  3  0  5 D
 0.256191170  3  0  4 D
 0.278094027  3  14  4 D
 0.327208929  3  14  3 D
 0.459979898  3  14  3 d
 0.000729995  13  14  5 N
 0.033848275  13  13  5 N
 0.056308483  13  12  5 N
 0.106423979  13  12  6 N
 0.129728524  13  12  7 N
 0.172793299  13  12  6 N
 0.184470358  13  13  6 N
 0.207547169  13  14  6 N
 0.226338568  13  14  5 N
 0.242068927  13  13  5 N
 0.265722585  13  13  4 N
 0.292417256  13  12  4 N
 0.311522194  13  12  3 N
 0.345262492  13  13  3 N
 0.479832396  13  13  3 n
 0.000679928  6  9  3 G
 0.027829419  6  9  4 G
 0.071797854  6  8  4 G
 0.093288355  6  9  4 G
 0.136748937  6  9  5 G
 0.158237866  6  8  5 G
 0.186878466  6  9  5 G
 0.226899264  6  9  4 G
 0.256193622  6  9  3 G
 0.290882549  6  8  3 G
 0.321725328  6  8  4 G
 0.406609767  6  8  5 G
 0.562433859  6  8  5 g
 0.000622703  0  8  13 A
 0.049659558  0  8  12 A
 0.074239105  0  8  11 A
 0.108379713  0  8  12 A
 0.132755874  0  8  11 A
 0.180809809  0  7  11 A
 0.210432792  0  7  10 A
 0.233616274  0  7  9 A
 0.269682080  0  7  8 A
 0.289272769  0  7  7 A
 0.304407853  0  8  7 A
 0.353771106  0  8  8 A
 0.365436764  0  8  7 A
 0.469411603  0  8  6 A
 0.614445481  0  8  6 a
 0.000723036  12  10  4 M
 0.041231594  12  10  5 M
 0.076569797  12  11  5 M
 0.116759783  12  11  4 M
 0.134531281  12  12  4 M
 0.178730664  12  11  4 M
 0.215721155  12  10  4 M
 0.257059904  12  10  5 M
 0.303845154  12  10  4 M
 0.336050552  12  10  3 M
 0.358139520  12  9  3 M
 0.401483432  12  8  3 M
 0.417762171  12  9  3 M
 0.454206361  12  8  3 M
 0.474519400  12  7  3 M
 0.498667792  12  6  3 M
 0.535764500  12  7  3 M
 0.570970968  12  7  4 M
 0.587883740  12  7  5 M
 0.606525037  12  7  4 M
 0.653980043  12  6  4 M
 0.695070361  12  6  3 M
 0.724998315  12  6  2 M
 0.740763951  12  6  3 M
 0.784831764  12  6  4 M
 0.812459733  12  7  4 M
 0.857609808  12  7  5 M
 1.001347381  12  7  5 m
 0.000664028  4  13  8 E
 0.042536012  4  13  9 E
 0.063934437  4  14  9 E
 0.083977477  4  0  9 E
 0.105679407  4  0  10 E
 0.117335562  4  1  10 E
 0.163735263  4  0  10 E
 0.206713808  4  14  10 E
 0.245596252  4  14  11 E
 0.256860029  4  14  12 E
 0.294435709  4  0  12 E
 0.318523670  4  0  11 E
 0.350135774  4  14  11 E
 0.375668511  4  14  12 E
 0.391987352  4  14  13 E
 0.419142471  4  0  13 E
 0.443728784  4  14  13 E
 0.465464041  4  0  13 E
 0.512878906  4  0  14 E
 0.546090087  4  14  14 E
 0.558821205  4  14  0 E
 0.572749877  4  0  0 E
 0.614565675  4  0  1 E
 0.633340168  4  14  1 E
 0.681974555  4  13  1 E
 0.700877320  4  14  1 E
 0.717281018  4  14  0 E
 0.728755360  4  13  0 E
 0.755307412  4  12  0 E
 0.776326399  4  11  0 E
 0.793418482  4  11  1 E
 0.814956498  4  11  2 E
 0.829770550  4  12  2 E
 0.866935902  4  12  3 E
 1.021974739  4  12  3 e
 0.000633815  1  6  6 B
 0.039476035  1  5  6 B
 0.051449018  1  5  5 B
 0.081163584  1  5  6 B
 0.128756431  1  5  5 B
 0.176305194  1  6  5 B
 0.210697805  1  6  4 B
 0.233918164  1  7  4 B
 0.267246760  1  7  3 B
 0.285788275  1  7  4 B
 0.317524737  1  7  5 B
 0.335664491  1  8  5 B
 0.371255882  1  8  6 B
 0.445417197  1  7  6 B
 0.492132880  1  7  7 B
 0.535324987  1  8  7 B
 0.551044459  1  9  7 B
 0.583178246  1  9  6 B
 0.611100404  1  9  7 B
 0.650707079  1  9  8 B
 0.671906597  1  9  7 B
 0.683215633  1  9  6 B
 0.709568811  1  10  6 B
 0.749747862  1  11  6 B
 0.761396272  1  11  5 B
 0.772313544  1  10  5 B
 0.822241302  1  9  5 B
 0.862056973  1  10  5 B
 0.894314809  1  11  5 B
 0.939682140  1  11  4 B
 0.984378306  1  12  4 B
 1.007002721  1  12  5 B
 1.050847138  1  12  4 B
 1.094436683  1  11  4 B
 1.136469159  1  10  4 B
 1.164791730  1  10  5 B
 1.183914442  1  9  5 B
 1.200291885  1  9  4 B
 1.236968921  1  9  3 B
 1.247800640  1  10  3 B
 1.262236381  1  11  3 B
 1.413494591  1  11  3 b
 0.000701635  9  3  14 J
 0.020119223  9  3  13 J
 0.034380701  9  2  13 J
 0.065650037  9  2  12 J
 0.097870554  9  1  12 J
 0.123881528  9  2  12 J
 0.160347371  9  3  12 J
 0.200143643  9  3  11 J
 0.211172501  9  3  12 J
 0.243888111  9  2  12 J
 0.265629999  9  3  12 J
 0.308027875  9  3  13 J
 0.318232220  9  3  12 J
 0.366831348  9  3  13 J
 0.390473196  9  3  12 J
 0.430000802  9  3  13 J
 0.459208941  9  3  12 J
 0.505436140  9  2  12 J
 0.555392714  9  1  12 J
 0.585671491  9  2  12 J
 0.615070761  9  2  11 J
 0.644721311  9  1  11 J
 0.686993014  9  1  10 J
 0.725069996  9  0  10 J
 0.764631033  9  14  10 J
 0.778587710  9  14  11 J
 0.801123272  9  0  11 J
 0.819451866  9  0  10 J
 0.842340544  9  0  9 J
 0.890442773  9  14  9 J
 0.929281985  9  13  9 J
 0.960832688  9  14  9 J
 0.993935215  9  13  9 J
 1.040750503  9  12  9 J
 1.054709746  9  13  9 J
 1.069131880  9  14  9 J
 1.100484163  9  0  9 J
 1.117732680  9  14  9 J
 1.147676932  9  14  10 J
 1.172843481  9  14  11 J
 1.188482859  9  13  11 J
 1.226133534  9  13  10 J
 1.238956408  9  14  10 J
 1.274286851  9  13  10 J
 1.317895571  9  13  11 J
 1.332256305  9  13  12 J
 1.362792515  9  13  11 J
 1.380052689  9  14  11 J
 1.423141996  9  14  12 J
 1.456739754  9  0  12 J
 1.613944047  9  0  12 j
 0.000687086  7  2  3 H
 0.019956582  7  3  3 H
 0.050669395  7  3  2 H
 0.067854734  7  4  2 H
 0.088539709  7  3  2 H
 0.104240769  7  2  2 H
 0.114470577  7  2  3 H
 0.163333011  7  1  3 H
 0.203074672  7  1  2 H
 0.228703313  7  1  1 H
 0.276371814  7  1  2 H
 0.309664549  7  2  2 H
 0.358278829  7  2  1 H
 0.390742611  7  3  1 H
 0.415032396  7  3  0 H
 0.431492357  7  3  1 H
 0.445616132  7  3  2 H
 0.475755467  7  4  2 H
 0.512830820  7  4  1 H
 0.553486703  7  3  1 H
 0.578692354  7  2  1 H
 0.594136135  7  1  1 H
 0.633586304  7  1  0 H
 0.667053021  7  1  14 H
 0.698606678  7  1  0 H
 0.727361712  7  0  0 H
 0.750857670  7  0  1 H
 0.779131682  7  14  1 H
 0.795716592  7  0  1 H
 0.841516393  7  1  1 H
 0.860068092  7  0  1 H
 0.888901663  7  1  1 H
 0.935565703  7  0  1 H
 0.952677469  7  14  1 H
 0.985407265  7  14  2 H
 1.035178458  7  13  2 H
 1.048493778  7  12  2 H
 1.096978390  7  13  2 H
 1.132051655  7  12  2 H
 1.142403245  7  12  1 H
 1.184929755  7  12  0 H
 1.201888182  7  13  0 H
 1.214826076  7  13  1 H
 1.237866870  7  13  0 H
 1.284578416  7  12  0 H
 1.308921149  7  12  14 H
 1.358911006  7  12  13 H
 1.402382757  7  12  12 H
 1.430767955  7  13  12 H
 1.485426208  7  14  12 H
 1.627712455  7  14  12 h
 0.000694329  8  0  0 I
 0.012596503  8  0  14 I
 0.052631844  8  14  14 I
 0.068910160  8  13  14 I
 0.100552788  8  12  14 I
 0.132700602  8  12  13 I
 0.143944546  8  11  13 I
 0.165753322  8  11  14 I
 0.197463670  8  11  0 I
 0.234670484  8  12  0 I
 0.276574013  8  11  0 I
 0.324362305  8  10  0 I
 0.339286478  8  9  0 I
 0.371801339  8  10  0 I
 0.398119137  8  10  1 I
 0.416415475  8  11  1 I
 0.458447322  8  11  2 I
 0.487000661  8  12  2 I
 0.500398369  8  12  1 I
 0.518863959  8  11  1 I
 0.550886199  8  11  0 I
 0.600573637  8  10  0 I
 0.623524530  8  10  14 I
 0.669230371  8  10  13 I
 0.712399878  8  10  12 I
 0.737590648  8  10  11 I
 0.763171731  8  9  11 I
 0.803525096  8  9  12 I
 0.839707647  8  9  11 I
 0.871854835  8  8  11 I
 0.894454093  8  9  11 I
 0.934691968  8  10  11 I
 0.958349942  8  10  12 I
 1.004261940  8  10  11 I
 1.025331527  8  11  11 I
 1.038476834  8  10  11 I
 1.076513842  8  9  11 I
 1.117008823  8  9  10 I
 1.141229818  8  9  11 I
 1.187957959  8  10  11 I
 1.215301373  8  11  11 I
 1.251620906  8  12  11 I
 1.284728703  8  11  11 I
 1.312205224  8  11  12 I
 1.343568716  8  12  12 I
 1.369771664  8  13  12 I
 1.412424135  8  13  11 I
 1.423969013  8  13  10 I
 1.436369936  8  13  9 I
 1.464387591  8  14  9 I
 1.488293465  8  13  9 I
 1.535577929  8  13  8 I
 1.557895360  8  12  8 I
 1.599512253  8  12  7 I
 1.612745292  8  12  6 I
 1.643439499  8  12  5 I
 1.692330752  8  12  6 I
 1.856382940  8  12  6 i
 0.000647766  2  3  6 C
 0.044952116  2  2  6 C
 0.055258797  2  1  6 C
 0.075078850  2  0  6 C
 0.093287561  2  0  7 C
 0.109880384  2  0  8 C
 0.156684866  2  0  7 C
 0.185710619  2  14  7 C
 0.234584537  2  14  6 C
 0.269684503  2  0  6 C
 0.311535467  2  0  5 C
 0.358015445  2  0  4 C
 0.395556232  2  1  4 C
 0.426702162  2  0  4 C
 0.444981607  2  1  4 C
 0.478796436  2  0  4 C
 0.510155672  2  1  4 C
 0.535942598  2  1  3 C
 0.551280336  2  2  3 C
 0.579754192  2  1  3 C
 0.610163051  2  2  3 C
 0.632053871  2  2  4 C
 0.677402228  2  1  4 C
 0.727413397  2  1  5 C
 0.768896051  2  1  6 C
 0.786118116  2  1  5 C
 0.806307498  2  1  6 C
 0.852834488  2  0  6 C
 0.887733495  2  14  6 C
 0.910094650  2  14  7 C
 0.941076909  2  13  7 C
 0.972209026  2  13  8 C
 0.988062803  2  13  7 C
 1.029000557  2  12  7 C
 1.069227457  2  12  6 C
 1.086405994  2  13  6 C
 1.122975728  2  13  7 C
 1.163703247  2  12  7 C
 1.202680643  2  13  7 C
 1.248295570  2  14  7 C
 1.267567481  2  0  7 C
 1.340841431  2  0  6 C
 1.373420701  2  0  7 C
 1.410358063  2  0  6 C
 1.431827408  2  0  7 C
 1.444269194  2  0  6 C
 1.454799955  2  14  6 C
 1.467248582  2  0  6 C
 1.508491575  2  14  6 C
 1.539376750  2  14  5 C
 1.569383764  2  13  5 C
 1.599026810  2  13  4 C
 1.615082494  2  13  5 C
 1.630021892  2  14  5 C
 1.662624569  2  13  5 C
 1.687773947  2  13  6 C
 1.699711420  2  13  5 C
 1.712221723  2  13  6 C
 1.880681528  2  13  6 c
 0.000671404  5  8  8 F
 0.044794354  5  7  8 F
 0.077844571  5  7  7 F
 0.115799912  5  6  7 F
 0.161934744  5  7  7 F
 0.207740659  5  6  7 F
 0.233799121  5  6  8 F
 0.262028895  5  6  9 F
 0.277309838  5  6  10 F
 0.298413992  5  5  10 F
 0.329049415  5  5  11 F
 0.367381957  5  5  12 F
 0.385440162  5  5  11 F
 0.400471590  5  6  11 F
 0.449660297  5  6  10 F
 0.467833546  5  7  10 F
 0.501012991  5  7  11 F
 0.515754016  5  7  12 F
 0.548287546  5  7  13 F
 0.588603970  5  8  13 F
 0.619683087  5  7  13 F
 0.662106146  5  7  12 F
 0.685181502  5  7  13 F
 0.706608727  5  7  14 F
 0.735597992  5  6  14 F
 0.765025399  5  6  0 F
 0.790600936  5  7  0 F
 0.810753452  5  7  1 F
 0.826543257  5  7  2 F
 0.864504075  5  7  1 F
 0.882560394  5  7  0 F
 0.910847810  5  7  14 F
 0.953361929  5  6  14 F
 0.969100707  5  7  14 F
 0.983130405  5  8  14 F
 1.029160240  5  7  14 F
 1.043353202  5  8  14 F
 1.069788231  5  8  13 F
 1.092914093  5  8  14 F
 1.109477329  5  9  14 F
 1.138824434  5  8  14 F
 1.181524603  5  7  14 F
 1.216945181  5  6  14 F
 1.252788509  5  6  0 F
 1.270758577  5  6  1 F
 1.300155401  5  6  2 F
 1.326958680  5  7  2 F
 1.352160471  5  6  2 F
 1.383273201  5  6  1 F
 1.428371929  5  5  1 F
 1.459626559  5  4  1 F
 1.470557913  5  4  0 F
 1.517973352  5  4  14 F
 1.535715775  5  3  14 F
 1.575710865  5  2  14 F
 1.624972364  5  1  14 F
 1.663550909  5  2  14 F
 1.703136979  5  2  0 F
 1.723906336  5  2  14 F
 1.743446778  5  2  0 F
 1.755450636  5  1  0 F
 1.796840197  5  0  0 F
 1.834684358  5  1  0 F
 1.877221785  5  0  0 F
 1.900812809  5  0  14 F
 1.937374077  5  14  14 F
 1.969812038  5  14  0 F
 2.015484693  5  13  0 F
 2.039882388  5  13  1 F
 2.067793085  5  13  2 F
 2.218810338  5  13  2 f
 0.000708448  10  4  9 K
 0.018793696  10  3  9 K
 0.039476299  10  3  8 K
 0.064086757  10  4  8 K
 0.100277904  10  4  7 K
 0.121891132  10  4  8 K
 0.160290439  10  4  7 K
 0.192672377  10  3  7 K
 0.213821124  10  4  7 K
 0.224551874  10  3  7 K
 0.246591158  10  3  6 K
 0.288020064  10  2  6 K
 0.317750583  10  2  5 K
 0.345768732  10  2  4 K
 0.389893977  10  3  4 K
 0.433208941  10  4  4 K
 0.465229478  10  4  3 K
 0.498889336  10  4  4 K
 0.509378790  10  3  4 K
 0.527256581  10  3  5 K
 0.538290847  10  3  6 K
 0.570968618  10  2  6 K
 0.607088723  10  2  7 K
 0.618707312  10  1  7 K
 0.630154085  10  2  7 K
 0.650337992  10  2  8 K
 0.678352580  10  3  8 K
 0.725741874  10  2  8 K
 0.742459327  10  1  8 K
 0.753972502  10  2  8 K
 0.787503902  10  3  8 K
 0.825810951  10  4  8 K
 0.853272595  10  4  7 K
 0.901671607  10  4  6 K
 0.939850028  10  4  7 K
 0.952200523  10  4  8 K
 0.982988587  10  4  7 K
 1.022523901  10  4  6 K
 1.051491302  10  5  6 K
 1.064652787  10  5  7 K
 1.102354791  10  5  6 K
 1.149793738  10  4  6 K
 1.171999575  10  4  7 K
 1.197062715  10  3  7 K
 1.238825229  10  2  7 K
 1.249382777  10  1  7 K
 1.277589665  10  1  6 K
 1.310027105  10  0  6 K
 1.335549199  10  1  6 K
 1.347861881  10  1  5 K
 1.368393478  10  2  5 K
 1.385957744  10  3  5 K
 1.435634776  10  4  5 K
 1.452696248  10  3  5 K
 1.482497444  10  3  6 K
 1.500673957  10  3  7 K
 1.525989722  10  2  7 K
 1.536284812  10  2  6 K
 1.547005606  10  2  7 K
 1.571259394  10  2  8 K
 1.609395963  10  3  8 K
 1.653385522  10  3  7 K
 1.667527080  10  3  6 K
 1.685680603  10  3  7 K
 1.712252883  10  3  8 K
 1.751776637  10  2  8 K
 1.785119206  10  3  8 K
 1.828265036  10  3  7 K
 1.854414437  10  3  8 K
 1.866888124  10  3  7 K
 1.885513806  10  3  8 K
 1.904931851  10  4  8 K
 1.942690970  10  4  9 K
 1.961440713  10  4  8 K
 2.011307602  10  3  8 K
 2.039220895  10  3  9 K
 2.070065293  10  3  10 K
 2.109388184  10  3  11 K
 2.149677780  10  3  12 K
 2.164312620  10  2  12 K
 2.193235037  10  2  13 K
 2.240548677  10  2  14 K
 2.270010865  10  3  14 K
 2.282272817  10  4  14 K
 2.327668943  10  4  13 K
 2.351149432  10  3  13 K
 2.397681557  10  4  13 K
 2.423928156  10  5  13 K
 2.455060960  10  6  13 K
 2.480105873  10  7  13 K
 2.519430853  10  8  13 K
 2.549179651  10  7  13 K
 2.591838213  10  7  12 K
 2.620493829  10  8  12 K
 2.635546565  10  9  12 K
 2.655713632  10  8  12 K
 2.683331828  10  7  12 K
 2.718035590  10  8  12 K
 2.752318009  10  8  11 K
 2.776554824  10  8  12 K
 0.000715502  11  13  11 L
 0.018785224  11  12  11 L
 0.057556187  11  12  10 L
 0.107431812  11  12  9 L
 0.120617150  11  12  10 L
 0.169888883  11  13  10 L
 0.210435390  11  13  9 L
 0.249415813  11  14  9 L
 0.293764990  11  13  9 L
 0.314465329  11  14  9 L
 0.350473753  11  14  10 L
 0.394227781  11  14  9 L
 0.421755633  11  0  9 L
 0.465469208  11  0  8 L
 0.478207542  11  0  9 L
 0.524454406  11  0  10 L
 0.563740810  11  0  11 L
 0.587941904  11  1  11 L
 0.601888884  11  1  10 L
 0.618473447  11  2  10 L
 0.652777326  11  2  11 L
 0.685066766  11  2  10 L
 0.732687703  11  2  11 L
 0.757164252  11  2  10 L
 0.778375532  11  3  10 L
 0.790539977  11  4  10 L
 0.824470437  11  4  11 L
 0.849108300  11  3  11 L
 0.883228172  11  2  11 L
 0.900837335  11  2  10 L
 0.943574470  11  1  10 L
 0.976528992  11  2  10 L
 1.019777729  11  3  10 L
 1.043373037  11  4  10 L
 1.071647279  11  4  9 L
 1.099621600  11  4  10 L
 1.140632229  11  5  10 L
 1.177214660  11  6  10 L
 1.197104981  11  5  10 L
 1.239623716  11  4  10 L
 1.262235735  11  3  10 L
 1.282930135  11  4  10 L
 1.299714178  11  4  9 L
 1.335551675  11  4  10 L
 1.356593509  11  4  11 L
 1.381512109  11  4  12 L
 1.421992117  11  5  12 L
 1.432403889  11  5  11 L
 1.472878156  11  6  11 L
 1.505516269  11  6  10 L
 1.517188183  11  7  10 L
 1.527755465  11  8  10 L
 1.551782647  11  7  10 L
 1.566755448  11  6  10 L
 1.612281874  11  7  10 L
 1.630755222  11  6  10 L
 1.668930688  11  6  9 L
 1.717221785  11  7  9 L
 1.750921540  11  8  9 L
 1.765928008  11  8  8 L
 1.795464633  11  9  8 L
 1.809736635  11  10  8 L
 1.845698539  11  9  8 L
 1.858830850  11  9  9 L
 1.882654062  11  9  8 L
 1.903149143  11  9  7 L
 1.933282107  11  9  6 L
 1.955349131  11  10  6 L
 1.969021395  11  10  7 L
 2.004924168  11  10  8 L
 2.027772425  11  9  8 L
 2.047857833  11  10  8 L
 2.077622952  11  11  8 L
 2.122373826  11  11  7 L
 2.153034292  11  11  8 L
 2.184903436  11  12  8 L
 2.199822112  11  11  8 L
 2.212989916  11  11  9 L
 2.227902393  11  11  8 L
 2.270929290  11  10  8 L
 2.318509040  11  10  9 L
 2.360715488  11  9  9 L
 2.374388665  11  10  9 L
 2.402820066  11  10  10 L
 2.441412019  11  10  9 L
 2.478302969  11  10  8 L
 2.492189555  11  10  9 L
 2.528786801  11  10  8 L
 2.539560485  11  11  8 L
 2.565693948  11  11  9 L
 2.611533712  11  10  9 L
 2.640236533  11  9  9 L
 2.662728800  11  8  9 L
 2.681409811  11  7  9 L
 2.718888138  11  8  9 L
 2.739428797  11  7  9 L
 2.787672927  11  8  9 L
 2.817354507  11  7  9 L
 2.850084771  11  7  10 L
 2.892693436  11  7  11 L
 0.000736932  14  7  3 O
 0.037173156  14  6  3 O
 0.084890448  14  6  2 O
 0.116705431  14  6  3 O
 0.166097866  14  5  3 O
 0.207792178  14  5  4 O
 0.251119461  14  6  4 O
 0.335674595  14  7  4 O
 0.367092729  14  7  5 O
 0.391922194  14  7  6 O
 0.433312874  14  7  7 O
 0.480092226  14  7  8 O
 0.524109135  14  8  8 O
 0.558708855  14  7  8 O
 0.607532989  14  7  9 O
 0.636439248  14  7  10 O
 0.685731452  14  8  10 O
 0.714077910  14  7  10 O
 0.724803099  14  7  9 O
 0.772972576  14  7  10 O
 0.807106151  14  7  11 O
 0.848263570  14  7  12 O
 0.887256544  14  7  11 O
 0.934944058  14  8  11 O
 0.959796392  14  8  12 O
 0.973155176  14  7  12 O
 1.021665006  14  7  11 O
 1.052245339  14  8  11 O
 1.080554541  14  8  12 O
 1.099096639  14  8  11 O
 1.135489982  14  8  12 O
 1.165391354  14  8  11 O
 1.201710283  14  9  11 O
 1.216376206  14  8  11 O
 1.232884994  14  9  11 O
 1.273022886  14  8  11 O
 1.317893251  14  8  12 O
 1.348281602  14  7  12 O
 1.361031568  14  8  12 O
 1.409150361  14  9  12 O
 1.458612228  14  9  11 O
 1.474613377  14  9  12 O
 1.486667163  14  8  12 O
 1.535518371  14  8  11 O
 1.554770199  14  7  11 O
 1.592462509  14  7  12 O
 1.634767718  14  6  12 O
 1.649207148  14  6  13 O
 1.678735758  14  7  13 O
 1.705686780  14  6  13 O
 1.740527554  14  6  14 O
 1.789971488  14  5  14 O
 1.802684832  14  5  0 O
 1.832420017  14  5  1 O
 1.880012730  14  6  1 O
 1.925441517  14  5  1 O
 1.974481567  14  4  1 O
 1.991741731  14  4  2 O
 2.015724334  14  5  2 O
 2.027197117  14  5  3 O
 2.043314225  14  5  2 O
 2.060430546  14  5  3 O
 2.074848726  14  6  3 O
 2.121763456  14  7  3 O
 2.134758114  14  7  2 O
 2.148572397  14  8  2 O
 2.194161453  14  8  1 O
 2.236953283  14  8  0 O
 2.268298937  14  7  0 O
 2.310859839  14  7  1 O
 2.322954027  14  6  1 O
 2.346239040  14  5  1 O
 2.368466412  14  5  0 O
 2.397245464  14  5  14 O
 2.438691831  14  5  0 O
 2.464437149  14  5  1 O
 2.476171299  14  5  2 O
 2.507500059  14  6  2 O
 2.555679349  14  6  1 O
 2.591264857  14  6  0 O
 2.611586986  14  5  0 O
 2.653186477  14  6  0 O
 2.685953515  14  7  0 O
 2.731512829  14  6  0 O
 2.743430689  14  5  0 O
 2.777251712  14  5  14 O
 2.824884528  14  5  13 O
 2.857734452  14  4  13 O
 2.907394986  14  4  14 O
 2.925230311  14  3  14 O
 2.966709785  14  3  13 O
 2.977558497  14  2  13 O
 3.022609433  14  2  14 O
 3.062496783  14  1  14 O
 3.104195376  14  1  0 O
 3.148176450  14  1  14 O
 3.181101451  14  1  0 O
 3.222308497  14  1  1 O
 3.248909980  14  1  2 O
 3.264394994  14  1  1 O
