-1  35  15  15
 0.001155870  11  12  8  B
 0.050737561  11  13  8  B
 0.063555562  11  13  9  B
 0.096639118  11  13  10  B
 0.139685528  11  14  10  B
 0.176176440  11  13  10  B
 0.196427431  11  13  11  B
 0.227278777  11  15  15  B
 0.001572715  19  10  9  J
 0.035606322  19  10  10  J
 0.074635412  19  11  10  J
 0.117318802  19  11  9  J
 0.151990065  19  12  9  J
 0.175249409  19  12  10  J
 0.204095024  19  11  10  J
 0.218233627  19  10  10  J
 0.229071588  19  10  11  J
 0.240539394  19  15  15  J
 0.001754730  23  9  13  N
 0.047021032  23  10  13  N
 0.089850485  23  11  13  N
 0.111234245  23  11  14  N
 0.158460281  23  12  14  N
 0.202803762  23  13  14  N
 0.226478684  23  13  0  N
 0.262736353  23  13  1  N
 0.291799826  23  14  1  N
 0.319060847  23  14  0  N
 0.338575051  23  0  0  N
 0.372297319  23  0  1  N
 0.384932061  23  1  1  N
 0.433425532  23  1  0  N
 0.466188881  23  2  0  N
 0.507877894  23  15  15  N
 0.001711699  22  5  4  M
 0.048857871  22  5  3  M
 0.097036047  22  5  2  M
 0.120934533  22  5  1  M
 0.131330179  22  5  0  M
 0.173549335  22  6  0  M
 0.213737715  22  6  1  M
 0.234914661  22  6  2  M
 0.247419776  22  5  2  M
 0.297078097  22  4  2  M
 0.331211584  22  4  3  M
 0.349009847  22  4  4  M
 0.379476423  22  4  3  M
 0.423400383  22  4  2  M
 0.441626257  22  5  2  M
 0.471535814  22  6  2  M
 0.493419326  22  7  2  M
 0.514237686  22  7  3  M
 0.559764855  22  6  3  M
 0.001664324  21  7  12  L
 0.013012354  21  7  11  L
 0.050089649  21  7  12  L
 0.095217479  21  7  13  L
 0.133344236  21  8  13  L
 0.168875677  21  7  13  L
 0.199691032  21  7  12  L
 0.233033272  21  8  12  L
 0.268808985  21  8  11  L
 0.297405132  21  8  10  L
 0.324207827  21  9  10  L
 0.355969338  21  9  9  L
 0.400751618  21  8  9  L
 0.744542636  21  8  9  l
 0.001313184  14  14  7  E
 0.031063088  14  14  6  E
 0.066396983  14  13  6  E
 0.081455828  14  13  7  E
 0.097505360  14  12  7  E
 0.128776660  14  12  6  E
 0.149186184  14  12  5  E
 0.168480897  14  11  5  E
 0.214099490  14  11  6  E
 0.237910454  14  11  5  E
 0.263235475  14  12  5  E
 0.297484591  14  11  5  E
 0.342860286  14  12  5  E
 0.370919927  14  12  4  E
 0.419845942  14  12  3  E
 0.444592942  14  13  3  E
 0.488722240  14  13  4  E
 0.516137001  14  14  4  E
 0.559326569  14  14  3  E
 0.578432534  14  0  3  E
 0.627357196  14  0  2  E
 0.656044664  14  1  2  E
 0.697216999  14  1  1  E
 0.736351956  14  2  1  E
 0.749566256  14  15  15  E
 0.001620893  20  9  9  K
 0.028274773  20  8  9  K
 0.040072138  20  8  10  K
 0.081490772  20  8  11  K
 0.102044051  20  7  11  K
 0.144905002  20  7  10  K
 0.191904298  20  7  9  K
 0.207417948  20  8  9  K
 0.235754314  20  8  10  K
 0.251159503  20  8  9  K
 0.289910331  20  8  8  K
 0.304811186  20  7  8  K
 0.342161796  20  6  8  K
 0.389937075  20  6  9  K
 0.429073926  20  7  9  K
 0.768577693  20  7  9  k
 0.001524562  18  12  3  I
 0.044277650  18  13  3  I
 0.074385165  18  13  2  I
 0.099284943  18  14  2  I
 0.114412274  18  0  2  I
 0.128620791  18  14  2  I
 0.146648681  18  14  3  I
 0.186429379  18  0  3  I
 0.224204461  18  0  4  I
 0.250277260  18  14  4  I
 0.269894063  18  13  4  I
 0.303094247  18  13  5  I
 0.313426374  18  13  6  I
 0.340786273  18  14  6  I
 0.383498137  18  14  5  I
 0.426773135  18  13  5  I
 0.439492717  18  13  6  I
 0.475185740  18  13  7  I
 0.520387872  18  12  7  I
 0.543783744  18  12  6  I
 0.576683959  18  12  5  I
 0.610761829  18  11  5  I
 0.653744488  18  12  5  I
 0.690057362  18  12  4  I
 0.730347610  18  12  3  I
 0.747202699  18  12  2  I
 0.762004748  18  11  2  I
 0.805372928  18  11  3  I
 0.819630558  18  12  3  I
 0.834286338  18  12  2  I
 0.001800073  24  11  9  O
 0.023816408  24  11  8  O
 0.047762386  24  11  7  O
 0.093336226  24  11  8  O
 0.110638838  24  10  8  O
 0.135566596  24  10  7  O
 0.180478256  24  10  8  O
 0.203790958  24  9  8  O
 0.220997847  24  8  8  O
 0.234711118  24  8  7  O
 0.247548373  24  7  7  O
 0.334171970  24  7  6  O
 0.347321827  24  7  5  O
 0.377042417  24  7  6  O
 0.394485533  24  7  5  O
 0.441303128  24  7  6  O
 0.473537632  24  7  7  O
 0.507481551  24  7  8  O
 0.839211246  24  7  8  o
 0.001366275  15  12  0  F
 0.044585869  15  13  0  F
 0.057062283  15  13  1  F
 0.075568957  15  12  1  F
 0.111052375  15  12  2  F
 0.123148818  15  13  2  F
 0.146686318  15  14  2  F
 0.177260742  15  0  2  F
 0.224222132  15  0  3  F
 0.248750331  15  14  3  F
 0.261491003  15  14  2  F
 0.319133984  15  14  1  F
 0.365033167  15  14  2  F
 0.399867574  15  13  2  F
 0.436480862  15  13  1  F
 0.478033964  15  12  1  F
 0.512907283  15  12  0  F
 0.561426867  15  13  0  F
 0.593411477  15  13  14  F
 0.621864621  15  13  13  F
 0.664057480  15  13  14  F
 0.706374175  15  13  0  F
 0.722380321  15  13  1  F
 0.757684038  15  13  2  F
 0.796905583  15  12  2  F
 0.834247918  15  11  2  F
 0.847338136  15  15  15  F
 0.001480545  17  8  2  H
 0.034418675  17  8  3  H
 0.050575864  17  9  3  H
 0.086843664  17  9  4  H
 0.109632769  17  9  3  H
 0.142759633  17  9  4  H
 0.168167869  17  8  4  H
 0.204157895  17  8  5  H
 0.218136434  17  8  4  H
 0.228556636  17  8  5  H
 0.273409634  17  7  5  H
 0.294752111  17  7  6  H
 0.334113257  17  8  6  H
 0.357923187  17  9  6  H
 0.379018058  17  9  7  H
 0.427845388  17  9  6  H
 0.465585720  17  9  7  H
 0.477680430  17  8  7  H
 0.521673864  17  8  8  H
 0.866122534  17  8  8  h
 0.001212334  12  5  11  C
 0.012846923  12  4  11  C
 0.052725121  12  3  11  C
 0.086509407  12  3  12  C
 0.098637894  12  3  13  C
 0.133893451  12  3  12  C
 0.183636517  12  3  11  C
 0.230011240  12  3  12  C
 0.245819605  12  2  12  C
 0.273010556  12  2  11  C
 0.306474989  12  1  11  C
 0.317639129  12  0  11  C
 0.354510196  12  0  10  C
 0.383818637  12  14  10  C
 0.424615828  12  14  9  C
 0.465042393  12  14  10  C
 0.513398395  12  0  10  C
 0.546942234  12  0  11  C
 0.876908664  12  0  11  c
 0.001105427  10  5  13  A
 0.022275469  10  4  13  A
 0.052615509  10  5  13  A
 0.086108219  10  4  13  A
 0.133985784  10  3  13  A
 0.170952640  10  2  13  A
 0.189383938  10  1  13  A
 0.222150394  10  1  12  A
 0.263201487  10  1  13  A
 0.296210030  10  2  13  A
 0.334409795  10  2  12  A
 0.377149019  10  3  12  A
 0.412279996  10  3  11  A
 0.452554503  10  2  11  A
 0.477550602  10  1  11  A
 0.507746640  10  0  11  A
 0.546856195  10  0  12  A
 0.881389143  10  0  12  a
 0.001427429  16  0  10  G
 0.033058872  16  0  9  G
 0.051286688  16  1  9  G
 0.079976546  16  1  10  G
 0.113004076  16  0  10  G
 0.129586960  16  0  11  G
 0.178316722  16  0  12  G
 0.263290638  16  1  12  G
 0.275725848  16  0  12  G
 0.308608627  16  1  12  G
 0.355099942  16  1  11  G
 0.368070833  16  2  11  G
 0.390120828  16  2  10  G
 0.422395249  16  3  10  G
 0.468398002  16  3  11  G
 0.495731677  16  2  11  G
 0.509034019  16  3  11  G
 0.543628024  16  3  10  G
 0.567554180  16  3  9  G
 0.609263179  16  3  8  G
 0.641197361  16  3  7  G
 0.691037894  16  4  7  G
 0.735687122  16  3  7  G
 0.747883791  16  4  7  G
 0.765020173  16  3  7  G
 0.802979034  16  2  7  G
 0.838780570  16  1  7  G
 0.887237987  16  0  7  G
 0.924317670  16  1  7  G
 0.968130237  16  1  8  G
 0.978558804  16  2  8  G
 1.011708352  16  3  8  G
 1.040438823  16  3  7  G
 1.080934543  16  4  7  G
 1.113946393  16  3  7  G
 1.156053299  16  2  7  G
 1.169078635  16  1  7  G
 1.215463712  16  1  6  G
 1.237391216  16  15  15  G
 0.001264407  13  8  6  D
 0.049496289  13  8  5  D
 0.074545610  13  8  6  D
 0.109142036  13  7  6  D
 0.128255854  13  7  7  D
 0.146590804  13  7  8  D
 0.207452182  13  7  9  D
 0.290004645  13  8  9  D
 0.327730269  13  8  8  D
 0.377568384  13  8  7  D
 0.427910688  13  9  7  D
 0.465536802  13  10  7  D
 0.514181017  13  10  6  D
 0.539562718  13  10  7  D
 0.551200826  13  11  7  D
 0.593691335  13  11  8  D
 0.641648263  13  12  8  D
 0.660390605  13  12  9  D
 0.693025821  13  11  9  D
 0.708766096  13  10  9  D
 0.731200636  13  9  9  D
 0.774447019  13  9  10  D
 0.804070406  13  8  10  D
 0.827885575  13  7  10  D
 0.859621377  13  6  10  D
 0.872445009  13  6  11  D
 0.915136202  13  6  12  D
 0.931810200  13  5  12  D
 0.960621510  13  4  12  D
 0.998452210  13  5  12  D
 1.013881510  13  4  12  D
 1.058650259  13  5  12  D
 1.082190086  13  4  12  D
 1.102868221  13  4  11  D
 1.136335449  13  4  10  D
 1.152732085  13  3  10  D
 1.197224017  13  2  10  D
 1.230198690  13  2  9  D
 1.271996093  13  1  9  D
 1.289466195  13  2  9  D
 1.335301064  13  2  10  D
 1.382106786  13  2  11  D
 1.409114348  13  2  10  D
 1.451003588  13  1  10  D
 0.737060806  31  4  9  6
 2.639526660  31  15  15  6
 0.622938932  30  4  12  5
 0.960583555  30  4  11  5
 1.102762188  30  4  10  5
 1.136305194  30  3  10  5
 1.152656401  30  3  9  5
 3.056312148  30  15  15  5
 1.658295110  32  7  4  7
 3.461851063  32  15  15  7
 3.848738197  26  11  12  1
 3.948913044  26  15  15  1
 4.028261243  27  1  4  2
 4.328992536  27  15  15  2
 3.985863971  25  8  12  0
 4.486801124  25  15  15  0
 2.291028779  34  5  0  9
 4.594869195  34  15  15  9
 4.497743063  29  14  11  4
 4.698038499  29  15  15  4
 4.137433023  33  14  6  8
 4.738308646  33  15  15  8
 4.680961797  28  7  10  3
 4.981446086  28  15  15  3
 0.000717965  5  13  12  #
 0.227266986  5  13  12  b
 0.327393829  5  13  12  #
 0.000334435  1  10  12  #
 0.000450275  2  2  4  #
 0.000623620  4  1  14  #
 0.000528695  3  7  0  #
 0.000809730  6  2  14  #
 0.507817770  6  2  14  n
 0.608205140  6  2  14  #
 0.000924802  7  2  6  #
 1.237340246  7  2  6  g
 1.337420530  7  2  6  #
 0.001056720  9  11  11  #
 0.240487891  9  11  11  j
 0.340567352  9  11  11  #
 0.001007542  8  10  2  #
 0.847264836  8  10  2  f
 0.947414871  8  10  2  #
 0.000276187  0  2  2  #
 0.749514328  0  2  2  e
 0.849606714  0  2  2  #
