-1 35 15 15
0.013945877  31  1  11  6
0.027298577  31  15  15  6
0.003406035  12  14  14  C
0.051972291  12  15  15  C
0.003515958  17  5  5  H
0.045326964  17  6  5  H
0.069006402  17  15  15  H
0.003507190  16  9  7  G
0.049791824  16  9  6  G
0.068269105  16  9  7  G
0.115942889  16  9  6  G
0.157490411  16  8  6  G
0.171093440  16  8  5  G
0.189844268  16  8  6  G
0.222655169  16  9  6  G
0.245416900  16  9  7  G
0.287024883  16  15  15  G
0.003549420  21  0  11  L
0.327770203  21  0  11  l
0.003541545  20  2  9  K
0.049776158  20  1  9  K
0.399918230  20  1  9  k
0.003526136  18  1  9  I
0.019325277  18  0  9  I
0.067064867  18  0  10  I
0.099830985  18  0  9  I
0.440214788  18  0  9  i
0.003570827  24  14  10  O
0.041076735  24  14  11  O
0.071517658  24  13  11  O
0.099846190  24  12  11  O
0.121212534  24  13  11  O
0.141448259  24  13  10  O
0.153171117  24  14  10  O
0.189857459  24  14  11  O
0.533207517  24  14  11  o
0.003397245  11  8  5  B
0.019349281  11  9  5  B
0.047463782  11  8  5  B
0.086544336  11  8  4  B
0.130712621  11  8  3  B
0.158834560  11  9  3  B
0.176977061  11  8  3  B
0.207205584  11  9  3  B
0.221366358  11  9  2  B
0.548997893  11  9  2  b
0.003414645  13  2  0  D
0.017183992  13  2  14  D
0.032442733  13  1  14  D
0.060148632  13  2  14  D
0.078990092  13  2  0  D
0.099843401  13  2  1  D
0.134343387  13  2  0  D
0.180195239  13  1  0  D
0.221504247  13  0  0  D
0.262802724  13  1  0  D
0.292747890  13  0  0  D
0.317489691  13  0  14  D
0.366561412  13  0  0  D
0.552243347  13  15  15  D
0.003533894  19  7  14  J
0.020463966  19  7  13  J
0.038886300  19  7  14  J
0.086567792  19  7  0  J
0.110714719  19  8  0  J
0.123479918  19  8  1  J
0.142770812  19  8  2  J
0.177045152  19  9  2  J
0.221358285  19  10  2  J
0.568857159  19  10  2  j
0.003475122  15  12  3  F
0.050886048  15  11  3  F
0.081285003  15  12  3  F
0.122335277  15  12  4  F
0.166458790  15  11  4  F
0.187134832  15  11  5  F
0.235766828  15  11  6  F
0.581095397  15  11  6  f
0.003556492  22  8  4  M
0.022608644  22  9  4  M
0.036694945  22  10  4  M
0.060143505  22  10  5  M
0.104369893  22  11  5  M
0.130751702  22  12  5  M
0.173435844  22  12  6  M
0.208644892  22  13  6  M
0.256406189  22  12  6  M
0.591346186  22  12  6  m
0.013934525  29  5  0  4
0.627989112  29  15  15  4
0.013939843  30  6  12  5
0.733928890  30  15  15  5
0.013917401  26  5  12  1
0.828617635  26  15  15  1
0.003366028  10  0  2  A
0.053025640  10  0  1  A
0.099837374  10  0  0  A
0.133106419  10  1  0  A
0.180187628  10  0  0  A
0.221496036  10  0  1  A
0.245430047  10  0  2  A
0.256506842  10  0  3  A
0.282599192  10  0  4  A
0.324016468  10  14  4  A
0.372070785  10  14  3  A
0.392684087  10  14  4  A
0.436012089  10  13  4  A
0.470580066  10  13  3  A
0.511392350  10  12  3  A
0.560998843  10  11  3  A
0.573319346  10  10  3  A
0.611100679  10  9  3  A
0.623657387  10  10  3  A
0.674010650  10  9  3  A
0.706973991  10  8  3  A
0.731435858  10  8  2  A
0.759322435  10  8  1  A
0.806143036  10  7  1  A
0.829947411  10  6  1  A
0.844191448  10  5  1  A
0.864457670  10  5  2  A
0.888796852  10  5  3  A
0.927027287  10  6  3  A
0.963284826  10  15  15  A
0.003563854  23  3  2  N
0.033530505  23  2  2  N
0.081315858  23  1  2  N
0.098003031  23  1  3  N
0.110661374  23  1  2  N
0.136809498  23  0  2  N
0.182550668  23  1  2  N
0.225970680  23  1  1  N
0.273642282  23  1  2  N
0.287094613  23  2  2  N
0.325291940  23  1  2  N
0.340147853  23  1  3  N
0.370966562  23  2  3  N
0.416790626  23  2  4  N
0.453086629  23  2  3  N
0.502883012  23  2  2  N
0.527834813  23  1  2  N
0.555613439  23  1  3  N
0.619516066  23  1  4  N
0.659667747  23  0  4  N
0.980679934  23  0  4  n
0.003427230  14  14  4  E
0.025863561  14  14  5  E
0.042159396  14  14  4  E
0.080167277  14  13  4  E
0.119061635  14  13  5  E
0.164144993  14  14  5  E
0.188487516  14  0  5  E
0.222562590  14  0  6  E
0.246769880  14  0  5  E
0.268111327  14  0  6  E
0.315162478  14  1  6  E
0.327682578  14  1  7  E
0.375255539  14  2  7  E
0.402251834  14  1  7  E
0.414518287  14  1  6  E
0.442627313  14  1  5  E
0.462376294  14  1  4  E
0.507126762  14  1  3  E
0.544534234  14  1  4  E
0.563480242  14  1  5  E
0.577589536  14  1  4  E
0.619505890  14  1  5  E
0.659673929  14  1  4  E
0.990942811  14  1  4  e
0.013929208  28  2  13  3
1.167673695  28  15  15  3
0.013898402  33  2  3  8
0.370971777  33  2  2  8
0.502887538  33  2  1  8
1.619753408  33  15  15  8
0.013923999  27  13  8  2
1.828695484  27  15  15  2
0.013904843  34  6  11  9
3.154023374  34  15  15  9
0.013911213  25  2  8  0
3.481743965  25  15  15  0
0.013982059  32  13  7  7
3.548101701  32  15  15  7
0.003355193  9  3  5  #
0.003293349  4  6  2  #
0.963280579  4  6  2  a
1.464256365  4  6  2  #
0.003280995  3  14  0  #
0.051970241  3  14  0  c
0.552227751  3  14  0  #
0.552234337  3  14  0  d
1.053256289  3  14  0  #
0.003053455  0  7  5  #
0.068998634  0  7  5  h
0.569024575  0  7  5  #
0.003179089  1  10  13  #
0.003245931  2  8  12  #
0.003323388  6  8  7  #
0.287020831  6  8  7  g
0.787787376  6  8  7  #
0.003312870  5  13  12  #
0.003333711  7  3  4  #
0.003344618  8  1  10  #
0.027293044  8  1  10  +
0.527712158  8  1  10  #
