-1  15  15  15
 0.000000000  2  14  5  C
 0.000630579  2  14  6  C
 0.015832020  2  14  7  C
 0.026075416  2  14  8  C
 0.042153664  2  13  8  C
 0.078267429  2  12  8  C
 0.104481843  2  12  9  C
 0.146461041  2  12  10  C
 0.167641044  2  12  9  C
 0.193931029  2  12  8  C
 0.225561556  2  12  7  C
 0.237366515  2  12  8  C
 0.277328080  2  12  7  C
 0.310349951  2  13  7  C
 0.330534196  2  12  7  C
 0.371970468  2  12  8  C
 0.404867226  2  13  8  C
 0.429051239  2  12  8  C
 0.464202741  2  12  9  C
 0.487125988  2  12  8  C
 0.519601427  2  11  8  C
 0.538106073  2  11  7  C
 0.567124485  2  10  7  C
 0.585039466  2  11  7  C
 0.606911727  2  11  6  C
 0.627135591  2  11  5  C
 0.663568921  2  10  5  C
 0.674595687  2  11  5  C
 0.000000000  7  5  6  H
 0.000668052  7  6  6  H
 0.020720617  7  5  6  H
 0.034029293  7  4  6  H
 0.083668611  7  4  5  H
 0.113693595  7  4  6  H
 0.163436971  7  5  6  H
 0.208195950  7  4  6  H
 0.246699543  7  3  6  H
 0.268642529  7  3  5  H
 0.303878236  7  2  5  H
 0.336133845  7  1  5  H
 0.347303699  7  0  5  H
 0.378021177  7  0  6  H
 0.403528761  7  1  6  H
 0.423519075  7  0  6  H
 0.473390682  7  14  6  H
 0.518593888  7  14  7  H
 0.554880880  7  13  7  H
 0.600547593  7  13  6  H
 0.629617648  7  13  5  H
 0.664049894  7  13  6  H
 0.691943993  7  14  6  H
 0.718192172  7  14  5  H
 0.735843887  7  13  5  H
 0.760922832  7  12  5  H
 0.792427485  7  12  4  H
 0.000000000  8  6  0  I
 0.000674200  8  6  14  I
 0.044846384  8  5  14  I
 0.089264680  8  5  13  I
 0.137119408  8  6  13  I
 0.187026552  8  6  14  I
 0.235518499  8  6  13  I
 0.254648723  8  6  12  I
 0.277639904  8  6  11  I
 0.299991524  8  6  12  I
 0.325213118  8  6  13  I
 0.365864163  8  6  12  I
 0.391599225  8  6  13  I
 0.404998953  8  5  13  I
 0.451903922  8  5  14  I
 0.486592826  8  5  0  I
 0.508966512  8  5  1  I
 0.534766779  8  4  1  I
 0.559107752  8  4  0  I
 0.588841950  8  4  14  I
 0.602094865  8  3  14  I
 0.616157194  8  3  13  I
 0.629978330  8  3  14  I
 0.674779218  8  2  14  I
 0.719842006  8  2  0  I
 0.754591276  8  2  14  I
 0.789340943  8  2  0  I
 0.803023516  8  2  14  I
 0.818589469  8  1  14  I
 0.864641649  8  2  14  I
 0.877283921  8  2  0  I
 0.900694778  8  3  0  I
 0.915396676  8  4  0  I
 0.930439460  8  4  1  I
 0.966048786  8  4  0  I
 0.984436577  8  4  14  I
 1.021180549  8  4  13  I
 0.000000000  3  4  12  D
 0.000638653  3  3  12  D
 0.026531498  3  2  12  D
 0.040972567  3  1  12  D
 0.051362201  3  1  11  D
 0.073672559  3  2  11  D
 0.087878572  3  1  11  D
 0.120007317  3  0  11  D
 0.169657942  3  0  12  D
 0.217916105  3  0  13  D
 0.239899729  3  1  13  D
 0.263248057  3  1  14  D
 0.300900512  3  1  13  D
 0.336359161  3  0  13  D
 0.365933243  3  1  13  D
 0.411655185  3  2  13  D
 0.456943255  3  2  12  D
 0.486094378  3  3  12  D
 0.514265630  3  2  12  D
 0.525916607  3  2  13  D
 0.539912755  3  3  13  D
 0.573651328  3  2  13  D
 0.602911872  3  2  12  D
 0.638777533  3  1  12  D
 0.659948114  3  1  11  D
 0.705003747  3  2  11  D
 0.721617742  3  1  11  D
 0.756670814  3  1  12  D
 0.781616190  3  0  12  D
 0.830796358  3  0  13  D
 0.869005010  3  1  13  D
 0.886871378  3  2  13  D
 0.926213080  3  1  13  D
 0.945021284  3  1  12  D
 0.987637655  3  0  12  D
 1.023348081  3  0  11  D
 0.000000000  0  7  5  A
 0.000614181  0  6  5  A
 0.041091344  0  6  4  A
 0.072962655  0  6  5  A
 0.091895218  0  6  6  A
 0.134832089  0  6  5  A
 0.158908770  0  7  5  A
 0.192667388  0  7  6  A
 0.211184707  0  8  6  A
 0.234511791  0  9  6  A
 0.269353174  0  9  5  A
 0.307230538  0  9  4  A
 0.329591401  0  9  5  A
 0.354502815  0  10  5  A
 0.392148656  0  10  4  A
 0.405221451  0  10  5  A
 0.446714327  0  9  5  A
 0.459325073  0  9  6  A
 0.475276888  0  9  5  A
 0.496414157  0  8  5  A
 0.535871382  0  8  6  A
 0.567980580  0  8  5  A
 0.589837774  0  9  5  A
 0.606180451  0  8  5  A
 0.620186558  0  8  6  A
 0.640484705  0  9  6  A
 0.682558310  0  8  6  A
 0.729083631  0  9  6  A
 0.772455170  0  10  6  A
 0.805051169  0  10  5  A
 0.852656400  0  10  4  A
 0.889780459  0  10  3  A
 0.931269398  0  10  2  A
 0.978617306  0  9  2  A
 1.010602475  0  8  2  A
 1.038912409  0  9  2  A
 1.056409095  0  10  2  A
 1.099025503  0  9  2  A
 1.120312791  0  9  3  A
 1.168905592  0  9  2  A
 1.190222353  0  9  3  A
 1.210027792  0  10  3  A
 0.000000000  11  14  3  L
 0.000693119  11  14  4  L
 0.019525800  11  13  4  L
 0.052249277  11  12  4  L
 0.101177290  11  12  3  L
 0.147942483  11  13  3  L
 0.167435057  11  13  2  L
 0.199674911  11  14  2  L
 0.237617402  11  14  1  L
 0.287873774  11  13  1  L
 0.322151391  11  14  1  L
 0.361838696  11  13  1  L
 0.380916567  11  12  1  L
 0.399486713  11  12  2  L
 0.427725367  11  12  3  L
 0.473897368  11  12  2  L
 0.499783743  11  11  2  L
 0.521251346  11  10  2  L
 0.548629465  11  10  1  L
 0.584846279  11  10  2  L
 0.617073956  11  11  2  L
 0.650484896  11  12  2  L
 0.662328039  11  12  3  L
 0.697903550  11  12  2  L
 0.709263385  11  11  2  L
 0.725613621  11  10  2  L
 0.766859253  11  9  2  L
 0.792761567  11  9  1  L
 0.841907022  11  8  1  L
 0.879875216  11  8  0  L
 0.925994093  11  9  0  L
 0.957329420  11  10  0  L
 0.990547203  11  10  14  L
 1.033879740  11  10  13  L
 1.064142399  11  9  13  L
 1.078538048  11  9  12  L
 1.094144247  11  8  12  L
 1.136640343  11  8  13  L
 1.177946125  11  8  12  L
 1.199318904  11  8  11  L
 1.248772666  11  9  11  L
 1.287151026  11  9  12  L
 1.305478945  11  10  12  L
 1.338467012  11  10  11  L
 1.360132605  11  10  12  L
 0.000000000  14  4  12  O
 0.000712115  14  5  12  O
 0.018964308  14  5  11  O
 0.052238063  14  5  12  O
 0.084117792  14  4  12  O
 0.100845060  14  5  12  O
 0.141661108  14  6  12  O
 0.179322762  14  6  13  O
 0.206999477  14  7  13  O
 0.223930995  14  7  12  O
 0.272227416  14  7  11  O
 0.286284272  14  7  12  O
 0.296869852  14  6  12  O
 0.320393583  14  6  13  O
 0.334219059  14  7  13  O
 0.345517887  14  7  14  O
 0.392033447  14  7  13  O
 0.434230217  14  7  12  O
 0.450972161  14  7  13  O
 0.491909219  14  7  14  O
 0.521582486  14  6  14  O
 0.568279198  14  6  0  O
 0.591178604  14  5  0  O
 0.625413344  14  4  0  O
 0.639833622  14  4  1  O
 0.657115878  14  3  1  O
 0.706672927  14  4  1  O
 0.736379230  14  3  1  O
 0.747518869  14  3  0  O
 0.773472346  14  4  0  O
 0.799957962  14  5  0  O
 0.826203847  14  5  1  O
 0.837911580  14  6  1  O
 0.882860818  14  6  2  O
 0.902725857  14  6  3  O
 0.939140061  14  6  4  O
 0.984409650  14  6  3  O
 1.004977637  14  6  4  O
 1.019788548  14  6  3  O
 1.048488048  14  5  3  O
 1.077592118  14  4  3  O
 1.107076949  14  4  2  O
 1.144210980  14  3  2  O
 1.166365520  14  3  3  O
 1.193231968  14  3  4  O
 1.211422261  14  3  3  O
 1.245649459  14  3  4  O
 1.281655722  14  2  4  O
 1.307942550  14  2  5  O
 1.342400389  14  1  5  O
 1.391635020  14  0  5  O
 0.000000000  5  13  12  F
 0.000652548  5  14  12  F
 0.029481699  5  13  12  F
 0.057554991  5  12  12  F
 0.082193953  5  11  12  F
 0.129941767  5  10  12  F
 0.157154864  5  10  11  F
 0.190365062  5  9  11  F
 0.203362134  5  9  10  F
 0.218142832  5  10  10  F
 0.243148445  5  10  11  F
 0.261530716  5  11  11  F
 0.276374027  5  10  11  F
 0.325196450  5  10  12  F
 0.357950070  5  9  12  F
 0.406230780  5  9  11  F
 0.421686508  5  10  11  F
 0.467351958  5  11  11  F
 0.507601052  5  12  11  F
 0.555975644  5  13  11  F
 0.581732109  5  14  11  F
 0.617768996  5  14  10  F
 0.666576371  5  0  10  F
 0.676902285  5  0  11  F
 0.718940891  5  0  12  F
 0.740802055  5  0  11  F
 0.762631804  5  1  11  F
 0.801167740  5  1  10  F
 0.848546016  5  1  11  F
 0.889005148  5  1  12  F
 0.933109927  5  1  11  F
 0.953317915  5  0  11  F
 1.001523972  5  1  11  F
 1.034442473  5  0  11  F
 1.069051261  5  0  12  F
 1.109633507  5  0  11  F
 1.126180080  5  1  11  F
 1.145880515  5  1  10  F
 1.184897493  5  0  10  F
 1.198157622  5  1  10  F
 1.230523914  5  2  10  F
 1.245727302  5  3  10  F
 1.267696892  5  3  11  F
 1.281921791  5  3  10  F
 1.307507993  5  2  10  F
 1.350583924  5  2  9  F
 1.381496958  5  2  10  F
 1.399492002  5  3  10  F
 1.422653222  5  3  9  F
 1.457556571  5  3  10  F
 0.000000000  4  10  0  E
 0.000645859  4  9  0  E
 0.030233219  4  9  1  E
 0.053915714  4  10  1  E
 0.099896748  4  10  2  E
 0.143373313  4  9  2  E
 0.180097468  4  8  2  E
 0.214493179  4  9  2  E
 0.248097085  4  8  2  E
 0.288501545  4  8  3  E
 0.302725952  4  7  3  E
 0.316369543  4  7  4  E
 0.361409679  4  6  4  E
 0.384946081  4  7  4  E
 0.425921895  4  8  4  E
 0.441679182  4  9  4  E
 0.470845078  4  9  5  E
 0.495696737  4  9  6  E
 0.518775029  4  9  7  E
 0.567258981  4  10  7  E
 0.590645082  4  10  8  E
 0.615587377  4  10  9  E
 0.639996149  4  10  10  E
 0.682392812  4  10  9  E
 0.714579853  4  11  9  E
 0.737973697  4  10  9  E
 0.748184943  4  11  9  E
 0.770907319  4  11  8  E
 0.794782226  4  10  8  E
 0.815860793  4  10  7  E
 0.830558368  4  11  7  E
 0.876433266  4  12  7  E
 0.914424501  4  13  7  E
 0.925857248  4  12  7  E
 0.948941196  4  13  7  E
 0.961776196  4  12  7  E
 0.984953136  4  12  6  E
 0.998191322  4  13  6  E
 1.019260983  4  14  6  E
 1.043734762  4  14  7  E
 1.066501880  4  14  8  E
 1.084053341  4  14  9  E
 1.125345670  4  14  8  E
 1.156712435  4  14  7  E
 1.202221757  4  14  6  E
 1.240090324  4  14  7  E
 1.288735958  4  13  7  E
 1.329921376  4  14  7  E
 1.378339542  4  14  8  E
 1.424388550  4  0  8  E
 1.464956022  4  0  7  E
 1.500597241  4  1  7  E
 0.000000000  9  6  4  J
 0.000680853  9  6  3  J
 0.037900936  9  7  3  J
 0.074158736  9  6  3  J
 0.113991622  9  5  3  J
 0.158703873  9  5  2  J
 0.178876949  9  5  3  J
 0.225919368  9  4  3  J
 0.258789957  9  4  4  J
 0.294462101  9  3  4  J
 0.344366503  9  3  3  J
 0.381589186  9  4  3  J
 0.421171494  9  5  3  J
 0.433807401  9  6  3  J
 0.456640911  9  7  3  J
 0.484676295  9  6  3  J
 0.521940844  9  6  2  J
 0.550138117  9  6  1  J
 0.584285448  9  6  0  J
 0.633266558  9  6  14  J
 0.677554298  9  5  14  J
 0.705880955  9  6  14  J
 0.736933109  9  7  14  J
 0.772593938  9  7  13  J
 0.820533045  9  8  13  J
 0.867987487  9  8  12  J
 0.884365494  9  8  13  J
 0.897605890  9  8  12  J
 0.907927663  9  8  11  J
 0.930295344  9  7  11  J
 0.960052634  9  7  10  J
 0.995625883  9  6  10  J
 1.026696385  9  5  10  J
 1.046925672  9  6  10  J
 1.070545379  9  7  10  J
 1.099999814  9  7  11  J
 1.123548993  9  6  11  J
 1.141104343  9  5  11  J
 1.158797953  9  5  10  J
 1.192385585  9  6  10  J
 1.223240634  9  5  10  J
 1.256888780  9  5  9  J
 1.280748123  9  5  8  J
 1.310499171  9  6  8  J
 1.340261264  9  5  8  J
 1.358729882  9  4  8  J
 1.395140147  9  4  9  J
 1.414734176  9  3  9  J
 1.439988499  9  4  9  J
 1.455484604  9  4  8  J
 1.500172823  9  4  9  J
 1.536713538  9  4  8  J
 1.583645302  9  3  8  J
 1.613199365  9  4  8  J
 1.635398857  9  3  8  J
 1.660123404  9  3  9  J
 1.702627875  9  2  9  J
 1.713652995  9  2  10  J
 1.741166876  9  1  10  J
 1.767578605  9  0  10  J
 1.807892421  9  14  10  J
 1.832865811  9  14  11  J
 1.849984470  9  0  11  J
 1.898929529  9  14  11  J
 1.931542003  9  14  10  J
 1.979895139  9  13  10  J
 1.991667912  9  13  9  J
 2.029378697  9  13  10  J
 2.057388586  9  14  10  J
 2.076808786  9  13  10  J
 0.000000000  13  0  14  N
 0.000705989  13  14  14  N
 0.033146921  13  13  14  N
 0.061208507  13  13  0  N
 0.077941105  13  13  14  N
 0.121569164  13  14  14  N
 0.151373591  13  14  13  N
 0.165214925  13  13  13  N
 0.187449703  13  12  13  N
 0.237309176  13  11  13  N
 0.266617362  13  10  13  N
 0.314709775  13  10  14  N
 0.363810256  13  10  0  N
 0.392159335  13  9  0  N
 0.435851813  13  9  14  N
 0.460696753  13  8  14  N
 0.487798508  13  9  14  N
 0.500386658  13  9  13  N
 0.513688887  13  10  13  N
 0.536373526  13  11  13  N
 0.569290471  13  12  13  N
 0.581069518  13  11  13  N
 0.602386315  13  11  12  N
 0.621410005  13  12  12  N
 0.656481123  13  13  12  N
 0.700545471  13  12  12  N
 0.726201901  13  13  12  N
 0.766464655  13  13  11  N
 0.804722590  13  13  12  N
 0.816864438  13  13  13  N
 0.865212010  13  14  13  N
 0.902939922  13  14  14  N
 0.919721408  13  14  0  N
 0.966004750  13  14  1  N
 0.978151334  13  14  2  N
 1.023132146  13  14  1  N
 1.039094990  13  14  0  N
 1.086052946  13  14  1  N
 1.133716831  13  0  1  N
 1.175647184  13  14  1  N
 1.200368837  13  14  0  N
 1.239471959  13  13  0  N
 1.249972455  13  13  14  N
 1.260669360  13  13  0  N
 1.295053562  13  13  1  N
 1.327343146  13  13  0  N
 1.375081133  13  12  0  N
 1.422654469  13  12  14  N
 1.457827835  13  12  13  N
 1.488617022  13  13  13  N
 1.501716296  13  13  14  N
 1.522687486  13  12  14  N
 1.543919523  13  13  14  N
 1.570166348  13  13  13  N
 1.595280497  13  13  12  N
 1.630747121  13  13  13  N
 1.658120122  13  14  13  N
 1.696419132  13  14  14  N
 1.713492175  13  13  14  N
 1.753753180  13  13  0  N
 1.789930459  13  13  14  N
 1.800093929  13  13  13  N
 1.814302757  13  12  13  N
 1.834647873  13  12  12  N
 1.872895411  13  12  11  N
 1.890641191  13  12  12  N
 1.902500611  13  12  13  N
 1.912978505  13  12  12  N
 1.952430329  13  11  12  N
 1.980771316  13  11  13  N
 2.020468763  13  12  13  N
 2.037892757  13  13  13  N
 2.065887434  13  13  14  N
 2.093001666  13  14  14  N
 2.110900243  13  0  14  N
 2.155721707  13  0  0  N
 2.184396752  13  0  1  N
 0.000000000  1  14  4  B
 0.000622526  1  13  4  B
 0.036448454  1  13  3  B
 0.057570217  1  12  3  B
 0.079505349  1  12  2  B
 0.127632199  1  12  3  B
 0.150281711  1  11  3  B
 0.178710242  1  11  4  B
 0.213540094  1  12  4  B
 0.226748557  1  11  4  B
 0.247332086  1  12  4  B
 0.272647611  1  12  5  B
 0.321138768  1  13  5  B
 0.359409684  1  13  4  B
 0.374936208  1  12  4  B
 0.394451927  1  11  4  B
 0.412127170  1  10  4  B
 0.459858263  1  10  3  B
 0.493829477  1  10  4  B
 0.525548437  1  11  4  B
 0.537982785  1  12  4  B
 0.585045623  1  12  3  B
 0.632586281  1  12  4  B
 0.654397964  1  11  4  B
 0.698543445  1  10  4  B
 0.728138075  1  10  5  B
 0.773382303  1  10  6  B
 0.818576668  1  10  5  B
 0.857184223  1  11  5  B
 0.881866771  1  11  4  B
 0.903888949  1  10  4  B
 0.950356576  1  11  4  B
 0.964381986  1  10  4  B
 1.005927452  1  11  4  B
 1.027072450  1  11  3  B
 1.058359695  1  11  4  B
 1.101758426  1  10  4  B
 1.131479786  1  10  3  B
 1.148851913  1  11  3  B
 1.179181201  1  12  3  B
 1.211055887  1  12  4  B
 1.245856044  1  13  4  B
 1.293570819  1  13  5  B
 1.336572815  1  13  6  B
 1.350219045  1  12  6  B
 1.383334141  1  12  5  B
 1.431526309  1  12  4  B
 1.466063566  1  12  5  B
 1.485026927  1  11  5  B
 1.509686641  1  12  5  B
 1.520855627  1  13  5  B
 1.541877289  1  12  5  B
 1.577194777  1  12  4  B
 1.605222888  1  11  4  B
 1.618848193  1  11  3  B
 1.660157948  1  12  3  B
 1.689510728  1  11  3  B
 1.717147041  1  12  3  B
 1.748719362  1  11  3  B
 1.770996510  1  11  2  B
 1.785229044  1  11  3  B
 1.812786306  1  11  2  B
 1.839668922  1  10  2  B
 1.864935188  1  10  3  B
 1.903484875  1  10  4  B
 1.948602958  1  9  4  B
 1.978848769  1  10  4  B
 2.003427546  1  10  3  B
 2.018284370  1  9  3  B
 2.064400764  1  10  3  B
 2.092384643  1  11  3  B
 2.124146568  1  10  3  B
 2.151597595  1  10  4  B
 2.165971461  1  10  5  B
 2.207977964  1  11  5  B
 2.252001743  1  11  4  B
 2.284056801  1  10  4  B
 2.331524824  1  9  4  B
 0.000000000  12  3  2  M
 0.000699787  12  3  3  M
 0.038817227  12  4  3  M
 0.087073430  12  4  2  M
 0.114450069  12  3  2  M
 0.155725931  12  3  1  M
 0.189600712  12  3  2  M
 0.211635529  12  4  2  M
 0.255787505  12  4  3  M
 0.302359305  12  4  4  M
 0.332868476  12  3  4  M
 0.346466609  12  4  4  M
 0.370720114  12  3  4  M
 0.401673070  12  3  5  M
 0.433879081  12  3  6  M
 0.468446155  12  3  5  M
 0.513489666  12  4  5  M
 0.543584339  12  4  4  M
 0.584934319  12  4  3  M
 0.607176832  12  3  3  M
 0.636151157  12  3  2  M
 0.667480454  12  3  3  M
 0.715261192  12  3  2  M
 0.729642865  12  4  2  M
 0.754264919  12  4  3  M
 0.803275926  12  4  2  M
 0.849560878  12  3  2  M
 0.866401991  12  4  2  M
 0.881998823  12  4  3  M
 0.894951831  12  5  3  M
 0.925790573  12  6  3  M
 0.943388897  12  5  3  M
 0.981719473  12  5  2  M
 1.021387367  12  5  1  M
 1.050326850  12  6  1  M
 1.064104000  12  5  1  M
 1.110601218  12  4  1  M
 1.128961104  12  4  0  M
 1.153716946  12  4  14  M
 1.194516661  12  4  13  M
 1.226558107  12  4  12  M
 1.242867018  12  4  13  M
 1.267792025  12  4  12  M
 1.299412893  12  3  12  M
 1.339786937  12  3  11  M
 1.369626068  12  2  11  M
 1.381630293  12  1  11  M
 1.423982041  12  1  12  M
 1.445001769  12  2  12  M
 1.459261570  12  2  11  M
 1.475194169  12  2  12  M
 1.504538024  12  3  12  M
 1.536920230  12  3  13  M
 1.569950471  12  4  13  M
 1.608445251  12  3  13  M
 1.655783108  12  3  12  M
 1.697868167  12  4  12  M
 1.721261844  12  4  11  M
 1.758519535  12  4  10  M
 1.796231731  12  4  11  M
 1.843942793  12  4  10  M
 1.865569759  12  4  11  M
 1.888565553  12  4  10  M
 1.921703122  12  4  9  M
 1.965911504  12  4  8  M
 2.003273032  12  4  7  M
 2.030563875  12  5  7  M
 2.079430775  12  6  7  M
 2.090136217  12  6  8  M
 2.105055984  12  6  9  M
 2.124094706  12  6  8  M
 2.147206373  12  6  9  M
 2.196632846  12  6  10  M
 2.214742833  12  7  10  M
 2.262569623  12  6  10  M
 2.284452407  12  7  10  M
 2.323010703  12  6  10  M
 2.339324954  12  6  9  M
 2.357512921  12  6  8  M
 2.395031874  12  5  8  M
 0.000000000  6  6  2  G
 0.000660735  6  6  1  G
 0.043479076  6  6  2  G
 0.058539882  6  7  2  G
 0.099169045  6  6  2  G
 0.137208672  6  5  2  G
 0.167894703  6  5  3  G
 0.189619107  6  4  3  G
 0.236583325  6  3  3  G
 0.275319779  6  3  4  G
 0.291137856  6  2  4  G
 0.302376680  6  3  4  G
 0.314108039  6  3  5  G
 0.354336854  6  2  5  G
 0.395434949  6  1  5  G
 0.406547255  6  1  6  G
 0.423613117  6  1  5  G
 0.447316789  6  1  6  G
 0.460259600  6  1  7  G
 0.477810823  6  1  6  G
 0.492757614  6  1  5  G
 0.539150266  6  0  5  G
 0.573962771  6  14  5  G
 0.591646415  6  14  4  G
 0.604141802  6  14  5  G
 0.639881689  6  14  4  G
 0.665753999  6  0  4  G
 0.708509064  6  0  5  G
 0.745907374  6  14  5  G
 0.778973484  6  14  4  G
 0.819830872  6  13  4  G
 0.839289393  6  14  4  G
 0.849648989  6  0  4  G
 0.889061552  6  0  3  G
 0.933476913  6  0  4  G
 0.973237599  6  0  5  G
 0.998271211  6  0  4  G
 1.029405608  6  0  5  G
 1.067932130  6  14  5  G
 1.101651260  6  13  5  G
 1.123948154  6  12  5  G
 1.139732963  6  12  4  G
 1.178286864  6  12  5  G
 1.191265289  6  12  6  G
 1.223279108  6  12  7  G
 1.245050120  6  11  7  G
 1.260166032  6  10  7  G
 1.277648143  6  9  7  G
 1.296898699  6  8  7  G
 1.313992691  6  8  8  G
 1.363381383  6  8  9  G
 1.390530163  6  8  10  G
 1.412998099  6  9  10  G
 1.434585037  6  10  10  G
 1.465407108  6  9  10  G
 1.506730522  6  10  10  G
 1.526421114  6  11  10  G
 1.565580221  6  12  10  G
 1.579494130  6  12  11  G
 1.618117715  6  13  11  G
 1.629260659  6  13  10  G
 1.674043615  6  14  10  G
 1.720300382  6  14  9  G
 1.760629220  6  13  9  G
 1.799202994  6  13  10  G
 1.844416848  6  13  11  G
 1.880056064  6  13  12  G
 1.925577659  6  14  12  G
 1.952121151  6  14  13  G
 1.963345022  6  0  13  G
 1.983498800  6  0  12  G
 2.032056422  6  0  11  G
 2.075958535  6  14  11  G
 2.095264622  6  13  11  G
 2.117068457  6  13  12  G
 2.127931939  6  13  11  G
 2.153515159  6  12  11  G
 2.196632411  6  12  12  G
 2.229538523  6  12  11  G
 2.245848508  6  12  10  G
 2.284295913  6  12  9  G
 2.333280174  6  12  10  G
 2.354438461  6  12  11  G
 2.367158532  6  12  10  G
 2.416955626  6  12  11  G
 2.451908613  6  12  10  G
 2.494803335  6  12  9  G
 2.524551200  6  11  9  G
 2.541931469  6  10  9  G
 2.590533777  6  10  8  G
 2.632311403  6  9  8  G
 2.656658310  6  9  9  G
 2.681050238  6  9  10  G
 2.716942001  6  9  11  G
 2.758418581  6  9  10  G
 2.798037322  6  8  10  G
 2.844094856  6  7  10  G
 2.879678909  6  7  9  G
 0.000000000  10  8  10  K
 0.000686953  10  8  11  K
 0.011485980  10  8  12  K
 0.032263212  10  9  12  K
 0.050801959  10  10  12  K
 0.098355568  10  10  11  K
 0.135403373  10  10  12  K
 0.184158140  10  10  13  K
 0.230224263  10  11  13  K
 0.256591985  10  11  14  K
 0.295931218  10  11  0  K
 0.315086891  10  12  0  K
 0.351767891  10  12  1  K
 0.398894693  10  11  1  K
 0.438218569  10  12  1  K
 0.464991848  10  13  1  K
 0.481200153  10  13  2  K
 0.518872025  10  13  3  K
 0.545224349  10  13  4  K
 0.585212897  10  12  4  K
 0.617768993  10  11  4  K
 0.651837793  10  11  5  K
 0.677918196  10  10  5  K
 0.704833589  10  9  5  K
 0.744030463  10  9  4  K
 0.787371071  10  10  4  K
 0.831761607  10  10  5  K
 0.871786196  10  10  4  K
 0.893188837  10  10  3  K
 0.932064099  10  11  3  K
 0.976735353  10  11  4  K
 1.013374648  10  11  3  K
 1.048427941  10  10  3  K
 1.087759893  10  10  2  K
 1.117322692  10  10  3  K
 1.148773959  10  10  2  K
 1.163536536  10  9  2  K
 1.196128664  10  8  2  K
 1.231894897  10  8  1  K
 1.277637673  10  7  1  K
 1.295611285  10  8  1  K
 1.339885651  10  8  0  K
 1.375337268  10  8  1  K
 1.408651820  10  8  0  K
 1.455734560  10  9  0  K
 1.476591424  10  9  14  K
 1.489809565  10  9  13  K
 1.509766622  10  9  14  K
 1.555034606  10  9  0  K
 1.572062033  10  8  0  K
 1.605483654  10  7  0  K
 1.646026796  10  7  14  K
 1.689241883  10  7  13  K
 1.710274275  10  7  12  K
 1.727465675  10  8  12  K
 1.745133330  10  8  13  K
 1.776285466  10  9  13  K
 1.820602483  10  9  14  K
 1.838555189  10  8  14  K
 1.878642461  10  8  13  K
 1.888921546  10  8  12  K
 1.917512417  10  8  11  K
 1.957265826  10  8  10  K
 1.995028939  10  9  10  K
 2.032491144  10  8  10  K
 2.066516611  10  8  11  K
 2.091048887  10  8  10  K
 2.128846873  10  8  11  K
 2.164325495  10  7  11  K
 2.187539323  10  6  11  K
 2.207620242  10  6  10  K
 2.245859337  10  5  10  K
 2.271038807  10  6  10  K
 2.286855183  10  6  11  K
 2.302702918  10  6  10  K
 2.333659427  10  6  11  K
 2.355068660  10  5  11  K
 2.370611771  10  5  12  K
 2.414653036  10  5  13  K
 2.440557386  10  5  14  K
 2.462227744  10  6  14  K
 2.472312547  10  5  14  K
 2.508714167  10  5  13  K
 2.543764101  10  6  13  K
 2.565209276  10  6  14  K
 2.596544031  10  6  13  K
 2.644514437  10  6  12  K
 2.686330858  10  7  12  K
 2.731990248  10  8  12  K
 2.761486498  10  8  11  K
 2.778593045  10  9  11  K
 2.827624396  10  10  11  K
 2.841172220  10  10  10  K
 2.889679258  10  10  11  K
 2.909922652  10  11  11  K
 2.936475181  10  10  11  K
 2.958643324  10  10  10  K
 2.994668690  10  10  9  K
 3.013313011  10  9  9  K
