-1 15 15 15
0.000000000 14 3 0 O
0.033290214 14 4 0 O
0.079359350 14 5 0 O
0.119120767 14 6 0 O
0.154780361 14 5 0 O
0.167702820 14 6 0 O
0.201181704 14 5 0 O
0.225907395 14 4 0 O
0.261654690 14 4 14 O
0.282197406 14 4 0 O
0.319316284 14 5 0 O
0.337143523 14 6 0 O
0.619706555 14 6 0 o
0.000000000 6 14 14 G
0.047920741 6 0 14 G
0.066368536 6 0 13 G
0.102369498 6 1 13 G
0.119200062 6 0 13 G
0.146962939 6 0 14 G
0.170287603 6 1 14 G
0.203673686 6 2 14 G
0.237293101 6 1 14 G
0.280941603 6 1 0 G
0.293304205 6 1 14 G
0.333728783 6 1 13 G
0.360714303 6 1 12 G
0.376461334 6 1 11 G
0.401497614 6 0 11 G
0.444048993 6 0 10 G
0.476655913 6 0 9 G
0.505709483 6 1 9 G
0.523487042 6 1 10 G
0.572433343 6 1 9 G
0.620981213 6 1 10 G
0.000000000 8 9 0 I
0.032158929 8 9 1 I
0.046856547 8 8 1 I
0.097105375 8 9 1 I
0.114391736 8 8 1 I
0.129420684 8 8 0 I
0.159336057 8 8 1 I
0.190034952 8 8 2 I
0.215080347 8 8 1 I
0.238455139 8 7 1 I
0.271826966 8 6 1 I
0.285749384 8 7 1 I
0.320648115 8 6 1 I
0.338304467 8 7 1 I
0.363124590 8 6 1 I
0.635727362 8 6 1 i
0.000000000 0 5 0 A
0.043729472 0 6 0 A
0.086046300 0 7 0 A
0.136004446 0 7 1 A
0.159330325 0 7 0 A
0.179137432 0 7 1 A
0.202491414 0 8 1 A
0.215073406 0 8 0 A
0.264210259 0 9 0 A
0.282274893 0 9 14 A
0.324329638 0 9 13 A
0.372977764 0 8 13 A
0.649873152 0 8 13 a
0.000000000 13 9 11 N
0.020740461 13 9 10 N
0.066326982 13 8 10 N
0.090393449 13 8 11 N
0.118008128 13 9 11 N
0.146950108 13 9 12 N
0.186734170 13 8 12 N
0.208069136 13 8 11 N
0.223579957 13 8 12 N
0.262880905 13 8 11 N
0.306365449 13 7 11 N
0.352485065 13 7 12 N
0.369650907 13 8 12 N
0.654931941 13 8 12 n
0.000000000 12 14 12 M
0.012223482 12 14 11 M
0.050046663 12 0 11 M
0.081772421 12 0 12 M
0.146970793 12 0 13 M
0.181422508 12 0 14 M
0.225988016 12 0 13 M
0.250856477 12 0 14 M
0.300039337 12 0 13 M
0.320653936 12 0 14 M
0.335978591 12 0 0 M
0.359432289 12 0 1 M
0.392003170 12 14 1 M
0.441570162 12 13 1 M
0.472929104 12 13 2 M
0.504639926 12 13 1 M
0.533619061 12 12 1 M
0.560987894 12 12 0 M
0.577072556 12 11 0 M
0.607829070 12 11 14 M
0.620537369 12 11 0 M
0.638084920 12 11 1 M
0.668062205 12 11 0 M
0.686047798 12 12 0 M
0.000000000 3 9 11 D
0.042662166 3 10 11 D
0.059533961 3 9 11 D
0.109665656 3 10 11 D
0.137132398 3 10 12 D
0.186738685 3 9 12 D
0.213919011 3 9 13 D
0.250930864 3 8 13 D
0.284500281 3 8 14 D
0.323017853 3 8 0 D
0.351165297 3 8 1 D
0.386562530 3 9 1 D
0.403782445 3 9 2 D
0.421444449 3 10 2 D
0.467108673 3 11 2 D
0.490561866 3 10 2 D
0.511290314 3 11 2 D
0.540779501 3 10 2 D
0.574892636 3 10 3 D
0.586675733 3 10 2 D
0.603886470 3 11 2 D
0.668063375 3 11 1 D
0.694256339 3 11 2 D
0.721177997 3 10 2 D
0.734151242 3 9 2 D
0.755987806 3 8 2 D
0.802570044 3 8 1 D
0.816174434 3 8 2 D
0.862960277 3 8 1 D
0.908569612 3 7 1 D
0.000000000 9 1 6 J
0.019582680 9 1 5 J
0.053246831 9 1 4 J
0.102373153 9 1 5 J
0.140623983 9 0 5 J
0.167695795 9 0 4 J
0.190028467 9 14 4 J
0.239718877 9 14 3 J
0.283422899 9 14 4 J
0.315612145 9 0 4 J
0.333722467 9 0 3 J
0.376432093 9 0 4 J
0.400330695 9 0 3 J
0.419944733 9 0 4 J
0.462569861 9 1 4 J
0.474221277 9 2 4 J
0.508927330 9 3 4 J
0.542957958 9 3 5 J
0.573897249 9 3 4 J
0.605388052 9 3 3 J
0.633543093 9 4 3 J
0.658650104 9 5 3 J
0.707958332 9 4 3 J
0.734152955 9 4 4 J
1.029010743 9 4 4 j
0.000000000 7 5 4 H
0.042660528 7 4 4 H
0.081774150 7 4 5 H
0.095908672 7 3 5 H
0.116753173 7 3 6 H
0.143751404 7 3 5 H
0.175842345 7 2 5 H
0.212783700 7 1 5 H
0.257154298 7 0 5 H
0.286855136 7 1 5 H
0.312398937 7 2 5 H
0.361817531 7 2 4 H
0.399849470 7 3 4 H
0.445337193 7 3 3 H
0.477954976 7 3 4 H
0.508922249 7 3 5 H
0.542951927 7 4 5 H
0.578262389 7 4 4 H
0.620696044 7 3 4 H
0.669158162 7 4 4 H
0.719998024 7 5 4 H
0.752809335 7 5 3 H
0.768483053 7 5 4 H
1.057726194 7 5 4 h
0.000000000 2 12 5 C
0.033291366 2 13 5 C
0.082802778 2 12 5 C
0.120443638 2 13 5 C
0.133739073 2 13 6 C
0.168898760 2 12 6 C
0.210379116 2 12 7 C
0.233697364 2 12 8 C
0.250850212 2 13 8 C
0.279613319 2 12 8 C
0.312319061 2 13 8 C
0.354845720 2 12 8 C
0.395076419 2 11 8 C
0.420352566 2 11 7 C
0.444825248 2 11 6 C
0.482464958 2 10 6 C
0.496587802 2 10 5 C
0.535516462 2 10 6 C
0.577937907 2 10 5 C
0.622368343 2 10 6 C
0.652248339 2 11 6 C
0.683880713 2 11 5 C
0.710424749 2 11 6 C
0.735177420 2 11 5 C
0.751743757 2 10 5 C
0.778915013 2 10 4 C
0.820800561 2 10 5 C
0.836658091 2 11 5 C
0.878308774 2 10 5 C
0.891187459 2 11 5 C
0.907359316 2 11 6 C
0.946897477 2 12 6 C
0.964776420 2 12 7 C
1.002350858 2 13 7 C
1.046381542 2 14 7 C
1.061839500 2 13 7 C
1.082046331 2 12 7 C
1.102666421 2 12 6 C
1.121870703 2 11 6 C
1.151963693 2 11 5 C
1.174900731 2 11 6 C
1.192193315 2 11 7 C
1.228815786 2 11 6 C
1.240762222 2 11 5 C
1.253113379 2 11 4 C
0.000000000 1 3 0 B
0.032156902 1 3 14 B
0.063932908 1 2 14 B
0.110861480 1 3 14 B
0.159408468 1 4 14 B
0.181452479 1 5 14 B
0.198857266 1 6 14 B
0.218261327 1 6 13 B
0.236131411 1 6 12 B
0.280865144 1 6 11 B
0.315702465 1 6 10 B
0.356015742 1 6 11 B
0.375266945 1 6 10 B
0.399540278 1 5 10 B
0.416350285 1 4 10 B
0.434557901 1 4 11 B
0.482567136 1 5 11 B
0.516647736 1 5 10 B
0.550039681 1 4 10 B
0.597293059 1 4 11 B
0.646593392 1 4 12 B
0.682701226 1 4 13 B
0.716851151 1 4 12 B
0.728851859 1 5 12 B
0.745473154 1 6 12 B
0.761294065 1 6 13 B
0.797432336 1 5 13 B
0.845537992 1 4 13 B
0.874683956 1 4 12 B
0.918046779 1 3 12 B
0.947764220 1 2 12 B
0.980415688 1 2 13 B
0.998694658 1 1 13 B
1.034821232 1 1 12 B
1.084426259 1 1 13 B
1.131726162 1 1 14 B
1.154382502 1 2 14 B
1.200437687 1 2 0 B
1.239661206 1 3 0 B
1.282825118 1 4 0 B
1.315357826 1 4 14 B
1.352988360 1 3 14 B
1.366175023 1 3 13 B
1.410099833 1 4 13 B
1.431362521 1 4 12 B
0.000000000 11 14 1 L
0.021797336 11 13 1 L
0.060756129 11 13 0 L
0.076890256 11 14 0 L
0.097063678 11 13 0 L
0.122816621 11 13 14 L
0.148072455 11 12 14 L
0.194505121 11 11 14 L
0.215064149 11 11 13 L
0.245187518 11 11 12 L
0.295611139 11 12 12 L
0.340494558 11 12 13 L
0.368468720 11 13 13 L
0.415400132 11 12 13 L
0.461584417 11 12 12 L
0.473978108 11 13 12 L
0.501425822 11 14 12 L
0.528874836 11 0 12 L
0.573222857 11 14 12 L
0.600027564 11 13 12 L
0.647488486 11 13 13 L
0.670243264 11 12 13 L
0.694276145 11 11 13 L
0.736278317 11 12 13 L
0.773677300 11 12 12 L
0.797442314 11 11 12 L
0.834750521 11 11 11 L
0.868962446 11 11 10 L
0.915728169 11 12 10 L
0.938186766 11 11 10 L
0.961511682 11 12 10 L
0.981107589 11 13 10 L
0.997869618 11 13 9 L
1.020992077 11 13 8 L
1.038023893 11 14 8 L
1.071826178 11 14 7 L
1.109847229 11 14 8 L
1.123112848 11 0 8 L
1.143104880 11 14 8 L
1.187789368 11 13 8 L
1.204779297 11 13 9 L
1.220034916 11 13 10 L
1.264118657 11 14 10 L
1.312206832 11 13 10 L
1.347841145 11 12 10 L
1.364899730 11 11 10 L
1.400608647 11 12 10 L
1.416363882 11 12 9 L
1.441625727 11 11 9 L
1.462723670 11 11 8 L
1.485941815 11 11 7 L
1.503855526 11 12 7 L
1.523904154 11 13 7 L
1.544289692 11 13 6 L
1.571497004 11 13 5 L
1.610676886 11 13 4 L
1.642238853 11 12 4 L
1.663499187 11 13 4 L
1.709106057 11 12 4 L
1.971737967 11 12 4 l
0.000000000 4 5 1 E
0.018470938 4 6 1 E
0.040435679 4 6 2 E
0.080621462 4 6 3 E
0.091810369 4 5 3 E
0.121712721 4 5 2 E
0.151546235 4 5 3 E
0.198863898 4 5 4 E
0.246440223 4 6 4 E
0.262961155 4 6 5 E
0.283347963 4 7 5 E
0.309709218 4 7 6 E
0.355942566 4 8 6 E
0.399542590 4 8 5 E
0.436961544 4 8 6 E
0.460279370 4 8 5 E
0.480283077 4 7 5 E
0.521215779 4 7 6 E
0.532014413 4 6 6 E
0.555617042 4 5 6 E
0.582247483 4 5 5 E
0.614815151 4 6 5 E
0.653128585 4 6 4 E
0.702710681 4 6 5 E
0.722398407 4 7 5 E
0.734109007 4 8 5 E
0.767382540 4 7 5 E
0.793231377 4 7 6 E
0.814189101 4 8 6 E
0.839659196 4 9 6 E
0.863972772 4 9 5 E
0.887862147 4 8 5 E
0.902816282 4 9 5 E
0.916169646 4 9 6 E
0.943241947 4 8 6 E
0.966112652 4 8 7 E
0.995156696 4 8 6 E
1.041186536 4 9 6 E
1.067229044 4 9 7 E
1.095949821 4 8 7 E
1.111107708 4 9 7 E
1.130349728 4 10 7 E
1.154375284 4 10 8 E
1.186515248 4 9 8 E
1.231297902 4 10 8 E
1.258725495 4 11 8 E
1.269582534 4 11 7 E
1.298557475 4 10 7 E
1.323654204 4 11 7 E
1.346770804 4 12 7 E
1.366172099 4 11 7 E
1.384891090 4 10 7 E
1.421710868 4 9 7 E
1.442750995 4 10 7 E
1.460400627 4 10 8 E
1.507347649 4 10 7 E
1.545467037 4 10 8 E
1.556781594 4 10 7 E
1.594022686 4 10 6 E
1.641064354 4 10 7 E
1.669888597 4 10 8 E
1.714452432 4 11 8 E
1.748116531 4 10 8 E
1.792404789 4 11 8 E
1.822694515 4 12 8 E
1.859937427 4 12 9 E
1.895348974 4 13 9 E
1.929763463 4 13 8 E
1.954533871 4 13 7 E
1.991688127 4 13 8 E
0.000000000 5 6 10 F
0.017399270 5 7 10 F
0.057411431 5 7 9 F
0.091761829 5 8 9 F
0.139388689 5 8 10 F
0.179114329 5 9 10 F
0.227305455 5 9 11 F
0.245105719 5 9 10 F
0.267557383 5 9 9 F
0.311012286 5 9 8 F
0.334831003 5 10 8 F
0.352575538 5 10 9 F
0.375277914 5 10 8 F
0.388674188 5 9 8 F
0.422293371 5 9 7 F
0.441173692 5 10 7 F
0.460467321 5 10 8 F
0.494219412 5 9 8 F
0.520763430 5 8 8 F
0.553520897 5 8 9 F
0.598188138 5 9 9 F
0.617288736 5 8 9 F
0.665923810 5 7 9 F
0.686028373 5 7 8 F
0.723493584 5 7 7 F
0.750670967 5 6 7 F
0.792169692 5 6 8 F
0.823161733 5 6 9 F
0.839077260 5 6 8 F
0.882744004 5 5 8 F
0.926909502 5 4 8 F
0.946027535 5 4 7 F
0.981481494 5 4 8 F
0.991643680 5 5 8 F
1.004905940 5 4 8 F
1.033752421 5 4 7 F
1.068535447 5 4 8 F
1.085735899 5 5 8 F
1.131596075 5 5 7 F
1.148457722 5 5 6 F
1.159846118 5 4 6 F
1.177206967 5 5 6 F
1.188899053 5 6 6 F
1.210207561 5 7 6 F
1.253867145 5 6 6 F
1.269574534 5 5 6 F
1.285285753 5 6 6 F
1.320495923 5 7 6 F
1.354154541 5 7 7 F
1.383526146 5 7 8 F
1.410058352 5 7 9 F
1.442835105 5 8 9 F
1.492268432 5 9 9 F
1.534776920 5 9 8 F
1.583558398 5 8 8 F
1.612913978 5 8 9 F
1.638765233 5 7 9 F
1.679412625 5 8 9 F
1.690431208 5 9 9 F
1.709195924 5 9 10 F
1.728859148 5 10 10 F
1.776234301 5 10 9 F
1.805552257 5 9 9 F
1.842811891 5 9 10 F
1.871117052 5 9 11 F
1.916585565 5 9 12 F
2.192878272 5 9 12 f
0.000000000 10 5 10 K
0.029001016 10 4 10 K
0.075753298 10 4 9 K
0.112120718 10 3 9 K
0.157020057 10 3 10 K
0.173583388 10 3 9 K
0.212863988 10 3 10 K
0.261661805 10 4 10 K
0.276280353 10 3 10 K
0.316848129 10 2 10 K
0.345887439 10 3 10 K
0.370748614 10 2 10 K
0.393457594 10 2 11 K
0.441383221 10 2 12 K
0.468057374 10 3 12 K
0.515272073 10 3 13 K
0.558754296 10 3 14 K
0.598117765 10 3 13 K
0.612442167 10 2 13 K
0.662770496 10 2 12 K
0.706886039 10 2 13 K
0.724639241 10 3 13 K
0.760181840 10 3 12 K
0.773675435 10 3 11 K
0.794305018 10 2 11 K
0.822910229 10 3 11 K
0.869451915 10 4 11 K
0.911346468 10 4 10 K
0.924358046 10 3 10 K
0.937853884 10 2 10 K
0.982008323 10 2 9 K
1.019719176 10 3 9 K
1.035891251 10 3 10 K
1.056570993 10 2 10 K
1.100533894 10 3 10 K
1.119522575 10 4 10 K
1.151871997 10 4 11 K
1.170335800 10 3 11 K
1.217777860 10 2 11 K
1.255513598 10 1 11 K
1.304827005 10 0 11 K
1.320492928 10 1 11 K
1.363691992 10 2 11 K
1.397225001 10 2 12 K
1.447199106 10 3 12 K
1.494600827 10 2 12 K
1.528425143 10 3 12 K
1.562998992 10 3 11 K
1.582361488 10 2 11 K
1.615252479 10 1 11 K
1.656990228 10 1 12 K
1.685910469 10 1 13 K
1.732985401 10 1 14 K
1.776231702 10 1 13 K
1.820621479 10 2 13 K
1.870053807 10 2 14 K
1.890234100 10 2 0 K
1.904468218 10 2 1 K
1.928705327 10 1 1 K
1.970998270 10 2 1 K
1.982593654 10 3 1 K
2.027926928 10 3 0 K
2.041024878 10 4 0 K
2.056237004 10 4 14 K
2.087433360 10 4 13 K
2.119642877 10 4 14 K
2.140799000 10 4 13 K
2.185020047 10 5 13 K
2.206523854 10 5 14 K
2.247885589 10 5 0 K
2.259231646 10 5 1 K
2.542851864 10 5 1 k
