-1 15 15 15
0.000000000 1 3 0 B
0.028949652 1 2 0 B
0.074860215 1 3 0 B
0.349952180 1 3 0 b
0.000000000 4 5 1 E
0.021851019 4 4 1 E
0.078897096 4 4 0 E
0.350005327 4 4 0 e
0.000000000 11 14 1 L
0.017458735 11 0 1 L
0.056969240 11 0 0 L
0.090753103 11 1 0 L
0.140938044 11 1 1 L
0.182560875 11 2 1 L
0.215875656 11 2 2 L
0.238690855 11 2 1 L
0.254194967 11 2 2 L
0.271792316 11 2 1 L
0.283286008 11 1 1 L
0.300097310 11 2 1 L
0.314013624 11 2 0 L
0.347840096 11 2 1 L
0.395397073 11 3 1 L
0.419978166 11 2 1 L
0.442514566 11 2 0 L
0.492016791 11 2 14 L
0.761892697 11 2 14 l
0.000000000 5 6 10 F
0.012238446 5 6 9 F
0.050602253 5 7 9 F
0.082134793 5 7 10 F
0.096406063 5 6 10 F
0.125806851 5 5 10 F
0.152644536 5 5 11 F
0.194441647 5 5 12 F
0.243182651 5 5 13 F
0.292321134 5 5 12 F
0.307934690 5 4 12 F
0.356339430 5 5 12 F
0.398675520 5 5 13 F
0.434105039 5 4 13 F
0.445810048 5 3 13 F
0.479965923 5 3 14 F
0.772941507 5 3 14 f
0.000000000 12 14 12 M
0.048275013 12 0 12 M
0.066767474 12 1 12 M
0.106988944 12 1 13 M
0.144380391 12 0 13 M
0.187535855 12 14 13 M
0.228039631 12 13 13 M
0.252224021 12 12 13 M
0.295479255 12 11 13 M
0.328123106 12 11 14 M
0.359726181 12 12 14 M
0.378024499 12 12 13 M
0.426599412 12 12 14 M
0.449532875 12 11 14 M
0.514999795 12 11 0 M
0.552391369 12 11 1 M
0.588022996 12 11 2 M
0.625784902 12 12 2 M
0.642099222 12 12 1 M
0.684326139 12 12 0 M
0.722630393 12 12 1 M
0.772552655 12 13 1 M
0.818631167 12 13 0 M
0.845598871 12 14 0 M
0.000000000 9 1 6 J
0.042717948 9 2 6 J
0.059117637 9 1 6 J
0.108705393 9 2 6 J
0.135417640 9 2 5 J
0.160255241 9 1 5 J
0.193865934 9 1 6 J
0.207744287 9 2 6 J
0.234560132 9 3 6 J
0.267316096 9 3 5 J
0.278281872 9 3 6 J
0.296194511 9 2 6 J
0.325460296 9 3 6 J
0.352152950 9 4 6 J
0.395394713 9 4 7 J
0.424151657 9 5 7 J
0.471457275 9 4 7 J
0.518506700 9 4 8 J
0.540956127 9 4 7 J
0.570056253 9 4 6 J
0.602331084 9 4 7 J
0.630571210 9 3 7 J
0.657436390 9 3 6 J
0.674683914 9 4 6 J
0.715879445 9 4 7 J
0.752261505 9 5 7 J
0.802197257 9 5 8 J
0.826361901 9 6 8 J
0.859574835 9 6 7 J
0.000000000 6 14 14 G
0.043857535 6 0 14 G
0.086423588 6 14 14 G
0.123896884 6 0 14 G
0.159469926 6 0 0 G
0.174103475 6 0 14 G
0.195902857 6 0 0 G
0.229338168 6 1 0 G
0.241830179 6 0 0 G
0.285151372 6 1 0 G
0.309116511 6 0 0 G
0.322181311 6 0 14 G
0.364029536 6 14 14 G
0.393150070 6 0 14 G
0.425388259 6 1 14 G
0.461696945 6 2 14 G
0.482331092 6 2 13 G
0.507591167 6 1 13 G
0.556484369 6 0 13 G
0.583042030 6 0 12 G
0.866440168 6 0 12 g
0.000000000 2 12 5 C
0.032144071 2 12 6 C
0.047038010 2 11 6 C
0.097671803 2 10 6 C
0.123087259 2 11 6 C
0.151686916 2 11 7 C
0.195611366 2 11 8 C
0.224035030 2 12 8 C
0.243633930 2 13 8 C
0.292568589 2 13 9 C
0.341128264 2 14 9 C
0.375818274 2 14 10 C
0.390933721 2 14 11 C
0.414538412 2 14 12 C
0.432926074 2 14 13 C
0.453059221 2 0 13 C
0.498962634 2 0 12 C
0.518495898 2 0 13 C
0.556480676 2 14 13 C
0.583043012 2 0 13 C
0.880258459 2 0 13 c
0.000000000 3 9 11 D
0.020709224 3 9 10 D
0.065675714 3 8 10 D
0.097634608 3 7 10 D
0.125840990 3 6 10 D
0.181024502 3 6 11 D
0.243193038 3 6 12 D
0.292197985 3 6 11 D
0.308474270 3 6 12 D
0.352151729 3 7 12 D
0.394309884 3 8 12 D
0.418830944 3 8 11 D
0.434110566 3 7 11 D
0.448376664 3 6 11 D
0.474701923 3 5 11 D
0.493135698 3 5 12 D
0.541132442 3 5 13 D
0.572109575 3 4 13 D
0.584896040 3 4 12 D
0.598875108 3 3 12 D
0.611855936 3 2 12 D
0.659132206 3 2 13 D
0.958351807 3 2 13 d
0.000000000 7 5 4 H
0.032142689 7 5 3 H
0.064581079 7 6 3 H
0.111671482 7 7 3 H
0.159261915 7 7 2 H
0.204387220 7 7 3 H
0.248398512 7 7 2 H
0.297474639 7 7 1 H
0.317658284 7 7 2 H
0.329064693 7 7 3 H
0.367419045 7 8 3 H
0.385255133 7 8 2 H
0.427745551 7 7 2 H
0.444658881 7 8 2 H
0.461780015 7 8 3 H
0.503183234 7 7 3 H
0.550724768 7 6 3 H
0.573397885 7 7 3 H
0.602923133 7 6 3 H
0.619552330 7 6 4 H
0.666471967 7 7 4 H
0.685525585 7 6 4 H
0.733326472 7 7 4 H
0.782085366 7 6 4 H
0.823682052 7 7 4 H
0.839391799 7 8 4 H
0.875818880 7 8 3 H
0.888671119 7 7 3 H
0.913773295 7 7 2 H
0.937065974 7 6 2 H
0.965635694 7 5 2 H
0.000000000 0 5 0 A
0.019618969 0 5 14 A
0.052850496 0 5 13 A
0.101049205 0 6 13 A
0.117359265 0 5 13 A
0.161178616 0 4 13 A
0.206750487 0 5 13 A
0.223844073 0 4 13 A
0.292321965 0 5 13 A
0.321058531 0 5 14 A
0.357433572 0 6 14 A
0.406173215 0 5 14 A
0.446940334 0 4 14 A
0.496690761 0 5 14 A
0.533654415 0 6 14 A
0.561213171 0 7 14 A
0.603106021 0 6 14 A
0.638746798 0 6 0 A
0.669505589 0 5 0 A
0.716962148 0 5 14 A
0.745489865 0 4 14 A
1.015631622 0 4 14 a
0.000000000 14 3 0 O
0.033203302 14 4 0 O
0.078895821 14 5 0 O
0.095249037 14 6 0 O
0.142466515 14 7 0 O
0.173510651 14 6 0 O
0.192056700 14 5 0 O
0.239692118 14 5 1 O
0.262664659 14 6 1 O
0.310758324 14 5 1 O
0.342475227 14 4 1 O
0.371658728 14 3 1 O
0.388646699 14 4 1 O
0.407308234 14 5 1 O
0.450748113 14 5 2 O
0.488740984 14 6 2 O
0.534490650 14 7 2 O
0.560374261 14 7 1 O
0.599332304 14 6 1 O
0.617590888 14 6 0 O
0.638718877 14 6 1 O
0.676743975 14 6 0 O
0.716968001 14 5 0 O
0.745491197 14 5 14 O
0.769126355 14 5 13 O
0.800741803 14 4 13 O
0.826709007 14 3 13 O
0.847852834 14 3 12 O
0.887387937 14 3 13 O
1.173186778 14 3 13 o
0.000000000 8 9 0 I
0.033207776 8 10 0 I
0.082133263 8 10 1 I
0.125843479 8 10 0 I
0.155004233 8 11 0 I
0.175144154 8 12 0 I
0.224452853 8 12 1 I
0.271300391 8 11 1 I
0.309857098 8 10 1 I
0.349401322 8 10 2 I
0.362954043 8 10 1 I
0.402923342 8 10 2 I
0.419973896 8 10 1 I
0.458313250 8 10 0 I
0.495622239 8 11 0 I
0.514994537 8 11 1 I
0.548766148 8 11 2 I
0.588021057 8 12 2 I
0.625772838 8 12 1 I
0.641844557 8 12 0 I
0.684245540 8 11 0 I
0.711095590 8 11 1 I
0.750140240 8 11 2 I
0.776315874 8 12 2 I
0.787629237 8 12 3 I
0.804678557 8 12 2 I
0.816551615 8 13 2 I
0.827573787 8 13 3 I
0.872509419 8 12 3 I
0.918315568 8 12 2 I
0.960205345 8 12 1 I
0.973749692 8 13 1 I
0.999112776 8 14 1 I
1.295744949 8 14 1 i
0.000000000 13 9 11 N
0.042716604 13 8 11 N
0.081000525 13 8 12 N
0.091961761 13 8 13 N
0.119190492 13 9 13 N
0.166502841 13 9 14 N
0.212772152 13 8 14 N
0.261652241 13 8 0 N
0.286147079 13 8 14 N
0.305448146 13 8 13 N
0.348087351 13 8 12 N
0.376962017 13 8 13 N
0.405061580 13 8 14 N
0.427824664 13 8 13 N
0.467040745 13 8 12 N
0.504298758 13 8 11 N
0.515199987 13 9 11 N
0.564307494 13 10 11 N
0.610726203 13 9 11 N
0.641666632 13 9 10 N
0.686127151 13 9 11 N
0.703621514 13 10 11 N
0.726278535 13 9 11 N
0.743151868 13 9 10 N
0.786935574 13 9 11 N
0.805495954 13 10 11 N
0.837472732 13 10 10 N
0.854016547 13 9 10 N
0.900569760 13 9 11 N
0.939597674 13 8 11 N
0.987830172 13 8 12 N
1.035563721 13 9 12 N
1.077191210 13 10 12 N
1.116522897 13 10 11 N
1.147754574 13 10 10 N
1.165781854 13 10 11 N
1.185464907 13 11 11 N
1.220860804 13 11 12 N
1.271101674 13 11 11 N
1.284329357 13 11 12 N
1.311623737 13 10 12 N
1.325944041 13 9 12 N
1.345254862 13 8 12 N
1.369480868 13 7 12 N
1.393004341 13 8 12 N
1.411560391 13 9 12 N
1.431791762 13 9 13 N
1.470225270 13 9 14 N
1.488730537 13 9 13 N
1.527382677 13 9 12 N
1.551631066 13 8 12 N
1.587047748 13 7 12 N
1.615687410 13 7 11 N
1.632334481 13 7 10 N
1.682174961 13 8 10 N
1.708890780 13 7 10 N
1.752744994 13 7 11 N
1.769899533 13 7 10 N
1.807593563 13 8 10 N
1.853388794 13 9 10 N
1.872042062 13 9 11 N
1.884695039 13 9 10 N
1.898962178 13 8 10 N
1.929501151 13 9 10 N
1.954101573 13 8 10 N
1.997878520 13 8 9 N
2.020608818 13 9 9 N
2.067411701 13 9 10 N
2.084637873 13 10 10 N
2.096928998 13 9 10 N
2.141065260 13 9 11 N
2.179749162 13 10 11 N
2.223454405 13 10 12 N
2.267370123 13 11 12 N
2.310637660 13 11 13 N
2.345225673 13 12 13 N
2.357433446 13 12 14 N
2.380729985 13 12 0 N
2.430478652 13 12 1 N
0.000000000 10 5 10 K
0.018520014 10 6 10 K
0.041544087 10 6 11 K
0.080959396 10 7 11 K
0.125841200 10 7 10 K
0.138374629 10 7 11 K
0.168741065 10 6 11 K
0.181022401 10 6 12 K
0.243190007 10 5 12 K
0.292202794 10 6 12 K
0.308470899 10 5 12 K
0.356338346 10 6 12 K
0.387482346 10 6 11 K
0.414541928 10 6 12 K
0.447099189 10 6 13 K
0.495543632 10 6 14 K
0.519675151 10 6 13 K
0.562377747 10 6 12 K
0.592269334 10 6 13 K
0.630599619 10 6 12 K
0.662090002 10 6 11 K
0.676374689 10 7 11 K
0.725674423 10 7 10 K
0.757283738 10 6 10 K
0.781095661 10 6 11 K
0.807231333 10 5 11 K
0.820097476 10 6 11 K
0.854618103 10 6 10 K
0.901921579 10 6 9 K
0.921973341 10 7 9 K
0.932387850 10 7 10 K
0.953334249 10 6 10 K
0.990712040 10 6 11 K
1.006546514 10 6 12 K
1.022382777 10 6 11 K
1.056693123 10 5 11 K
1.080523808 10 6 11 K
1.118173619 10 6 12 K
1.163224130 10 6 11 K
1.176314609 10 7 11 K
1.197650359 10 6 11 K
1.217746275 10 7 11 K
1.255983571 10 7 10 K
1.274215337 10 8 10 K
1.297465659 10 7 10 K
1.328024664 10 6 10 K
1.372744077 10 6 9 K
1.408214040 10 5 9 K
1.440970195 10 5 10 K
1.470269634 10 6 10 K
1.487592175 10 6 11 K
1.497957051 10 7 11 K
1.512152878 10 7 10 K
1.557775045 10 8 10 K
1.601289731 10 9 10 K
1.616958840 10 9 9 K
1.651739465 10 9 10 K
1.672952673 10 10 10 K
1.707589875 10 11 10 K
1.723250942 10 10 10 K
1.743525829 10 10 11 K
1.772086000 10 9 11 K
1.792358332 10 9 12 K
1.839962865 10 8 12 K
1.855763303 10 8 11 K
1.884701385 10 9 11 K
1.916212956 10 10 11 K
1.936819101 10 10 10 K
1.953015016 10 10 11 K
1.975445844 10 10 10 K
1.986722515 10 10 11 K
2.005237326 10 10 12 K
2.036911187 10 9 12 K
2.054104109 10 8 12 K
2.101331250 10 7 12 K
2.118559227 10 8 12 K
2.139817509 10 8 13 K
2.176416538 10 8 14 K
2.192025161 10 7 14 K
2.229899044 10 7 13 K
2.242109218 10 8 13 K
2.269783412 10 8 12 K
2.282023828 10 8 11 K
2.293247843 10 8 12 K
2.337943306 10 9 12 K
2.384066166 10 10 12 K
2.420321284 10 10 13 K
2.452820306 10 9 13 K
2.469046272 10 8 13 K
2.505329796 10 8 12 K
2.543536408 10 9 12 K
