-1 25 15 15
0.000460318  1  7  5  B
0.116543172  1  7  6  B
0.137005335  1  7  7  B
0.162535904  1  6  7  B
0.208192500  1  6  6  B
0.250709966  1  6  7  B
0.285201519  1  5  7  B
0.322024009  1  4  7  B
0.336688796  1  5  7  B
0.353349071  1  5  6  B
0.372794531  1  5  7  B
0.402673435  1  5  8  B
0.000487334  8  1  11  I
0.135678548  8  1  10  I
0.182816948  8  0  10  I
0.234910593  8  1  10  I
0.579963371  8  1  10  i
0.000483863  6  4  11  G
0.143769380  6  5  11  G
0.163811757  6  6  11  G
0.193375834  6  5  11  G
0.205531644  6  5  10  G
0.245099481  6  4  10  G
0.266521244  6  4  11  G
0.281492983  6  4  10  G
0.303514406  6  3  10  G
0.617258425  6  3  10  g
0.000462465  2  1  10  C
0.135669183  2  2  10  C
0.165012973  2  2  11  C
0.203128674  2  1  11  C
0.234900837  2  0  11  C
0.269174548  2  1  11  C
0.620484628  2  1  11  c
0.000439160  0  2  8  A
0.135495690  0  2  9  A
0.178276868  0  1  9  A
0.220026953  0  1  10  A
0.234905962  0  1  11  A
0.266612321  0  2  11  A
0.279215075  0  3  11  A
0.628853432  0  3  11  a
0.000482046  5  8  2  F
0.151480922  5  7  2  F
0.162524123  5  8  2  F
0.206903487  5  8  1  F
0.247492999  5  9  1  F
0.294810182  5  8  1  F
0.305877249  5  8  2  F
0.344736995  5  9  2  F
0.372705172  5  9  1  F
0.392229734  5  9  2  F
0.423776104  5  10  2  F
0.446552933  5  10  1  F
0.492609190  5  9  1  F
0.805636325  5  9  1  f
0.000494831  12  11  2  M
0.123508001  12  11  3  M
0.139297914  12  10  3  M
0.178063799  12  10  4  M
0.227716866  12  9  4  M
0.240565129  12  8  4  M
0.286328292  12  8  3  M
0.311542923  12  9  3  M
0.330302200  12  9  2  M
0.344728616  12  9  1  M
0.357490452  12  8  1  M
0.388749226  12  8  0  M
0.411656730  12  9  0  M
0.448908965  12  9  1  M
0.492596174  12  8  1  M
0.836506831  12  8  1  m
0.000477640  3  2  4  D
0.126874712  3  2  3  D
0.151467760  3  2  2  D
0.171331805  3  3  2  D
0.208110536  3  3  3  D
0.253231926  3  2  3  D
0.291005921  3  3  3  D
0.330388778  3  4  3  D
0.344824101  3  4  2  D
0.377234595  3  5  2  D
0.388799552  3  4  2  D
0.407258884  3  3  2  D
0.441103539  3  3  1  D
0.463879461  3  3  0  D
0.475668646  3  2  0  D
0.518314956  3  3  0  D
0.554876648  3  2  0  D
0.605094274  3  2  14  D
0.632288701  3  2  13  D
0.646830553  3  1  13  D
0.669918548  3  1  14  D
0.688382839  3  0  14  D
0.732054691  3  0  0  D
0.760642784  3  0  1  D
0.809887988  3  0  2  D
0.835410769  3  0  3  D
0.882891141  3  1  3  D
0.894443673  3  1  2  D
0.941558019  3  1  1  D
0.000492870  11  13  13  L
0.149179448  11  12  13  L
0.184185793  11  12  12  L
0.227905987  11  11  12  L
0.256530698  11  12  12  L
0.301243656  11  12  13  L
0.323242254  11  12  12  L
0.354656088  11  12  13  L
0.399288256  11  12  12  L
0.423667535  11  11  12  L
0.472135564  11  10  12  L
0.506188756  11  9  12  L
0.531664711  11  8  12  L
0.566432733  11  7  12  L
0.592580923  11  7  11  L
0.623696701  11  6  11  L
0.655314848  11  6  10  L
0.693567805  11  6  11  L
0.741683615  11  5  11  L
0.761807477  11  5  10  L
0.789930365  11  4  10  L
0.824840851  11  5  10  L
0.847149691  11  5  9  L
0.886195695  11  4  9  L
0.914213890  11  4  10  L
0.954308399  11  4  11  L
0.974008676  11  4  12  L
0.985202097  11  4  13  L
1.007814335  11  3  13  L
0.000496445  13  4  8  N
0.143860895  13  4  7  N
0.162511279  13  4  8  N
0.185522908  13  5  8  N
0.204393208  13  6  8  N
0.233663577  13  6  9  N
0.264093076  13  6  10  N
0.283959248  13  5  10  N
0.307212673  13  6  10  N
0.344837329  13  6  9  N
0.358593252  13  6  8  N
0.396912277  13  7  8  N
0.414177811  13  7  7  N
0.428260335  13  7  6  N
0.454240890  13  8  6  N
0.497594092  13  8  5  N
0.537207707  13  7  5  N
0.583121882  13  6  5  N
0.617289851  13  6  6  N
0.687256676  13  6  5  N
0.716489252  13  6  6  N
0.760630882  13  6  7  N
0.772219357  13  6  8  N
1.090297515  13  6  8  n
0.149185870  23  13  13  8
0.386417196  23  13  12  8
0.844910492  23  13  11  8
0.844910492  23  15  15  8
0.100858199  15  0  8  0
0.100858199  15  15  15  0
0.100858129  19  3  0  4
0.463885897  19  3  14  4
0.463885897  19  15  15  4
0.000485777  7  1  7  H
0.149166096  7  1  6  H
0.192149556  7  1  5  H
0.210490581  7  2  5  H
0.247542590  7  3  5  H
0.269068195  7  4  5  H
0.281506743  7  5  5  H
0.326620224  7  4  5  H
0.353234993  7  4  6  H
0.366135884  7  4  5  H
0.399236352  7  5  5  H
0.429577181  7  5  4  H
0.470778906  7  6  4  H
0.517102638  7  6  3  H
0.546949501  7  6  4  H
0.617292055  7  6  5  H
0.631134321  7  7  5  H
0.658639551  7  6  5  H
0.687254265  7  6  4  H
0.716492313  7  6  3  H
0.754204264  7  6  2  H
0.801327280  7  5  2  H
0.822644660  7  4  2  H
0.843781527  7  4  3  H
0.878354421  7  4  4  H
0.924597573  7  4  5  H
0.953116428  7  4  4  H
0.994478468  7  4  3  H
1.006429103  7  5  3  H
1.041243298  7  5  4  H
1.075007701  7  5  3  H
1.107406149  7  5  2  H
1.132589380  7  5  1  H
1.152517844  7  6  1  H
1.193653616  7  5  1  H
1.214590509  7  6  1  H
1.250841076  7  6  2  H
1.278361005  7  6  3  H
1.326174703  7  7  3  H
1.371201944  7  8  3  H
1.398044138  7  8  2  H
1.433825416  7  8  3  H
1.450409224  7  8  4  H
1.486714382  7  8  3  H
1.514283558  7  8  4  H
0.000489365  9  6  9  J
0.130207701  9  5  9  J
0.159249603  9  4  9  J
0.185530848  9  4  8  J
0.205680684  9  3  8  J
0.236128736  9  4  8  J
0.273589090  9  4  7  J
0.292430610  9  4  6  J
0.338046276  9  3  6  J
0.383111492  9  3  7  J
0.403953927  9  2  7  J
0.423762521  9  1  7  J
0.456514443  9  0  7  J
0.495114811  9  1  7  J
0.512523520  9  0  7  J
0.528241812  9  14  7  J
0.573656817  9  14  6  J
0.617286636  9  13  6  J
0.657495198  9  13  7  J
0.681122661  9  13  6  J
0.709097805  9  13  5  J
0.749930171  9  13  4  J
0.772274614  9  13  3  J
0.815144808  9  13  4  J
0.832256836  9  13  5  J
0.868692553  9  13  6  J
0.882856360  9  12  6  J
0.913144902  9  12  5  J
0.928878387  9  13  5  J
0.976308964  9  13  6  J
1.006520032  9  13  5  J
1.050320776  9  14  5  J
1.098750273  9  13  5  J
1.111766415  9  14  5  J
1.156886557  9  13  5  J
1.179806046  9  13  4  J
1.218035212  9  13  3  J
1.255242610  9  14  3  J
1.269629037  9  13  3  J
1.281503569  9  14  3  J
1.318652463  9  14  4  J
1.353319169  9  14  5  J
1.404038613  9  13  5  J
1.454779222  9  13  4  J
1.488021911  9  13  5  J
1.528738038  9  13  6  J
0.100808142  14  8  13  O
0.134363554  14  8  12  O
0.159341055  14  8  13  O
0.178365297  14  8  14  O
0.193362807  14  7  14  O
0.206714443  14  6  14  O
0.253219048  14  6  0  O
0.289660903  14  7  0  O
0.318140251  14  7  1  O
0.353335351  14  6  1  O
0.378597238  14  6  2  O
0.393605088  14  5  2  O
0.414241224  14  5  1  O
0.427165939  14  5  2  O
0.472228157  14  5  3  O
0.485222945  14  4  3  O
0.531770154  14  5  3  O
0.563174840  14  5  2  O
0.593656749  14  4  2  O
0.605084542  14  4  1  O
0.643570338  14  4  0  O
0.655259183  14  5  0  O
0.695808188  14  5  14  O
0.710260520  14  6  14  O
0.734372441  14  5  14  O
0.780392219  14  4  14  O
0.799200600  14  5  14  O
0.844884423  14  6  14  O
0.872928611  14  6  0  O
0.898886866  14  6  14  O
0.924601826  14  5  14  O
0.944803058  14  6  14  O
0.985189172  14  7  14  O
1.028700192  14  7  13  O
1.051640376  14  7  14  O
1.085933551  14  7  0  O
1.130210785  14  7  1  O
1.177300820  14  7  2  O
1.193667371  14  7  1  O
1.250849526  14  6  1  O
1.297595733  14  7  1  O
1.325068497  14  7  0  O
1.336503373  14  7  1  O
1.651195858  14  7  1  o
0.000490925  10  10  12  K
0.142566076  10  9  12  K
0.186738584  10  10  12  K
0.234887531  10  10  13  K
0.265398273  10  10  12  K
0.312747325  10  11  12  K
0.353359474  10  11  11  K
0.366225070  10  12  11  K
0.377248709  10  13  11  K
0.427178824  10  12  11  K
0.470791966  10  12  12  K
0.517063569  10  12  13  K
0.541649933  10  12  12  K
0.591474360  10  12  13  K
0.603887899  10  11  13  K
0.650127148  10  11  12  K
0.681126269  10  12  12  K
0.695813971  10  12  13  K
0.741758332  10  12  14  K
0.782684748  10  12  13  K
0.817360369  10  13  13  K
0.844908465  10  13  12  K
0.885120905  10  12  12  K
0.915284076  10  13  12  K
0.940375176  10  13  13  K
0.972638725  10  13  12  K
1.000988832  10  12  12  K
1.036993395  10  11  12  K
1.047939938  10  10  12  K
1.085727036  10  11  12  K
1.132483941  10  10  12  K
1.143837832  10  10  11  K
1.175107625  10  9  11  K
1.194892343  10  9  10  K
1.216883681  10  8  10  K
1.249543778  10  7  10  K
1.278461688  10  7  11  K
1.325022301  10  6  11  K
1.358558523  10  6  12  K
1.386538407  10  6  11  K
1.399359173  10  5  11  K
1.431358729  10  4  11  K
1.749639680  10  4  11  k
0.100867784  18  7  8  3
0.396921758  18  7  7  3
0.414186642  18  7  6  3
0.428266731  18  7  5  3
0.537214407  18  7  4  3
0.537214407  18  15  15  3
0.000479677  4  11  13  E
0.119097167  4  12  13  E
0.142578736  4  12  14  E
0.154846789  4  12  0  E
0.197736026  4  12  1  E
0.225354255  4  13  1  E
0.274785957  4  13  2  E
0.320671608  4  13  1  E
0.343485204  4  13  0  E
0.357398594  4  13  14  E
0.386401947  4  13  13  E
0.427061086  4  13  14  E
0.468260906  4  14  14  E
0.492626081  4  14  0  E
0.519671684  4  13  0  E
0.549371755  4  14  0  E
0.575773964  4  14  1  E
0.588314245  4  14  2  E
0.617218390  4  13  2  E
0.649011348  4  14  2  E
0.698005668  4  13  2  E
0.725755623  4  13  3  E
0.768085135  4  14  3  E
0.782641860  4  0  3  E
0.828126430  4  14  3  E
0.853454510  4  14  2  E
0.874191068  4  0  2  E
0.894535098  4  0  3  E
0.935227203  4  0  4  E
0.981811179  4  1  4  E
1.010229379  4  0  4  E
1.045591202  4  0  3  E
1.078342668  4  14  3  E
1.100053285  4  0  3  E
1.150244928  4  0  4  E
1.163252627  4  0  5  E
1.186281154  4  14  5  E
1.199226848  4  14  4  E
1.214604106  4  0  4  E
1.235775277  4  0  5  E
1.272109081  4  0  4  E
1.288998143  4  1  4  E
1.300135062  4  1  5  E
1.339842960  4  1  6  E
1.363982468  4  2  6  E
1.402679714  4  3  6  E
1.417945010  4  4  6  E
1.445956630  4  3  6  E
1.491305497  4  3  7  E
1.534046503  4  4  7  E
1.567285798  4  4  6  E
1.609807780  4  4  5  E
1.659554786  4  5  5  E
1.705799918  4  5  6  E
1.719300908  4  5  7  E
1.749706242  4  5  6  E
1.775831172  4  6  6  E
1.810170901  4  5  6  E
1.829432369  4  4  6  E
1.849001140  4  3  6  E
1.880258477  4  3  5  E
1.926964942  4  2  5  E
1.963506695  4  1  5  E
0.100862472  20  11  5  5
0.100862472  20  15  15  5
0.100876298  22  12  10  7
0.100876298  22  15  15  7
0.100861755  16  7  10  1
1.249552753  16  7  9  1
1.249552753  16  15  15  1
0.100867252  21  0  10  6
0.182823771  21  0  9  6
0.182823771  21  15  15  6
0.100839425  24  11  8  9
0.100839425  24  15  15  9
0.100864642  17  11  7  2
0.100864642  17  15  15  2
