-1  15  15  15
 0.000883529  8  8  8 I
 0.046153779  8  8  9 I
 0.088845939  8  8  10 I
 0.119666105  8  8  11 I
 0.134900804  8  8  12 I
 0.169441184  8  8  13 I
 0.183629452  8  8  14 I
 0.212140962  8  8  0 I
 0.229581910  8  8  1 I
 0.246296381  8  8  2 I
 0.327287145  8  8  3 I
 0.347210611  8  8  4 I
 0.367683420  8  8  5 I
 0.396922231  8  8  6 I
 0.411735468  8  8  7 I
 0.459212839  8  8  8 I
 0.484257174  8  8  9 I
 0.520304479  8  8  10 I
 0.534954645  8  8  11 I
 0.000919595  13  13  13 N
 0.091437885  13  14  13 N
 0.139172298  13  0  13 N
 0.179352864  13  1  13 N
 0.199833051  13  2  13 N
 0.220979626  13  3  13 N
 0.256879096  13  4  13 N
 0.278398843  13  5  13 N
 0.290980702  13  6  13 N
 0.330256043  13  7  13 N
 0.347413083  13  8  13 N
 0.368540001  13  9  13 N
 0.403093559  13  10  13 N
 0.420480416  13  11  13 N
 0.431670850  13  12  13 N
 0.445899496  13  13  13 N
 0.458165869  13  14  13 N
 0.506733359  13  0  13 N
 0.554258035  13  1  13 N
 0.583717802  13  2  13 N
 0.000911132  12  12  12 M
 0.089871062  12  12  11 M
 0.113192497  12  12  10 M
 0.167548915  12  12  9 M
 0.179315456  12  12  8 M
 0.192722470  12  12  7 M
 0.221543751  12  12  6 M
 0.244510330  12  12  5 M
 0.277640400  12  12  4 M
 0.320971451  12  12  3 M
 0.348273261  12  12  2 M
 0.388912289  12  12  1 M
 0.419856708  12  12  0 M
 0.459805835  12  12  14 M
 0.493124586  12  12  13 M
 0.537143999  12  12  12 M
 0.559815118  12  12  11 M
 0.585492224  12  12  10 M
 0.601005044  12  12  9 M
 0.000890500  9  9  9 J
 0.012316079  9  10  9 J
 0.054911015  9  11  9 J
 0.081494440  9  12  9 J
 0.126755929  9  13  9 J
 0.171040108  9  14  9 J
 0.218522516  9  0  9 J
 0.264974123  9  1  9 J
 0.311079244  9  2  9 J
 0.329544761  9  3  9 J
 0.374132932  9  4  9 J
 0.404164832  9  5  9 J
 0.449204051  9  6  9 J
 0.481562031  9  7  9 J
 0.549769526  9  8  9 J
 0.578940188  9  9  9 J
 0.591927880  9  10  9 J
 0.611683991  9  11  9 J
 0.736693658  9  11  9 j
 0.000833983  2  2  2 C
 0.046666920  2  2  3 C
 0.079132515  2  2  4 C
 0.104282132  2  2  5 C
 0.143194843  2  2  6 C
 0.171551703  2  2  7 C
 0.181725879  2  2  8 C
 0.204152973  2  2  9 C
 0.228256967  2  2  10 C
 0.269345260  2  2  11 C
 0.289898544  2  2  12 C
 0.300157677  2  2  13 C
 0.328362814  2  2  14 C
 0.360544772  2  2  0 C
 0.381094221  2  2  1 C
 0.391642279  2  2  2 C
 0.424999560  2  2  3 C
 0.449659799  2  2  4 C
 0.485438922  2  2  5 C
 0.502641271  2  2  6 C
 0.533263029  2  2  7 C
 0.571256631  2  2  8 C
 0.605475164  2  2  9 C
 0.649080814  2  2  10 C
 0.671505212  2  2  11 C
 0.687351844  2  2  12 C
 0.816604479  2  2  12 c
 0.000904337  11  11  11 L
 0.038560457  11  12  11 L
 0.052238757  11  13  11 L
 0.099636356  11  14  11 L
 0.141170143  11  0  11 L
 0.187606069  11  1  11 L
 0.225189313  11  2  11 L
 0.267285602  11  3  11 L
 0.295520326  11  4  11 L
 0.319906297  11  5  11 L
 0.362924212  11  6  11 L
 0.404335915  11  7  11 L
 0.435879631  11  8  11 L
 0.465242873  11  9  11 L
 0.475617653  11  10  11 L
 0.491071578  11  11  11 L
 0.504627946  11  12  11 L
 0.516831957  11  13  11 L
 0.559358531  11  14  11 L
 0.606890894  11  0  11 L
 0.635281153  11  1  11 L
 0.649059117  11  2  11 L
 0.668898474  11  3  11 L
 0.703893259  11  4  11 L
 0.741548138  11  5  11 L
 0.768852923  11  6  11 L
 0.788871758  11  7  11 L
 0.943352541  11  7  11 l
 0.000858296  5  5  5 F
 0.041564240  5  4  5 F
 0.061126989  5  3  5 F
 0.079372579  5  2  5 F
 0.089872372  5  1  5 F
 0.113683806  5  0  5 F
 0.127225991  5  14  5 F
 0.143849417  5  13  5 F
 0.181773533  5  12  5 F
 0.195467900  5  11  5 F
 0.222847719  5  10  5 F
 0.273068297  5  9  5 F
 0.323126304  5  8  5 F
 0.364419912  5  7  5 F
 0.399758613  5  6  5 F
 0.448755160  5  5  5 F
 0.510041295  5  4  5 F
 0.538146552  5  3  5 F
 0.559767286  5  2  5 F
 0.597602174  5  1  5 F
 0.610262804  5  0  5 F
 0.623843935  5  14  5 F
 0.639945111  5  13  5 F
 0.664796503  5  12  5 F
 0.704075950  5  11  5 F
 0.753151173  5  10  5 F
 0.797730003  5  9  5 F
 0.818395529  5  8  5 F
 0.845773344  5  7  5 F
 0.887282973  5  6  5 F
 0.923106982  5  5  5 F
 0.972854749  5  4  5 F
 1.003163390  5  3  5 F
 1.050930703  5  2  5 F
 1.064599663  5  1  5 F
 1.081899295  5  0  5 F
 0.000814925  0  0  0 A
 0.024821755  0  0  14 A
 0.044714914  0  0  13 A
 0.069479787  0  0  12 A
 0.103066992  0  0  11 A
 0.125900118  0  0  10 A
 0.157988977  0  0  9 A
 0.197554064  0  0  8 A
 0.230447669  0  0  7 A
 0.273900418  0  0  6 A
 0.298351394  0  0  5 A
 0.315514356  0  0  4 A
 0.344127048  0  0  3 A
 0.359383263  0  0  2 A
 0.384253149  0  0  1 A
 0.419311014  0  0  0 A
 0.462115311  0  0  14 A
 0.477130279  0  0  13 A
 0.497061985  0  0  12 A
 0.515481165  0  0  11 A
 0.554518052  0  0  10 A
 0.577879119  0  0  9 A
 0.625779666  0  0  8 A
 0.645220901  0  0  7 A
 0.670129592  0  0  6 A
 0.701926310  0  0  5 A
 0.724143967  0  0  4 A
 0.748157442  0  0  3 A
 0.769854791  0  0  2 A
 0.790632268  0  0  1 A
 0.829493447  0  0  0 A
 0.876337167  0  0  14 A
 0.898007613  0  0  13 A
 0.913068098  0  0  12 A
 0.927555404  0  0  11 A
 0.962988695  0  0  10 A
 0.989537148  0  0  9 A
 1.012756328  0  0  8 A
 1.052258478  0  0  7 A
 1.087588108  0  0  6 A
 1.236266838  0  0  6 a
 0.000926492  14  14  14 O
 0.043035048  14  14  13 O
 0.065012011  14  14  12 O
 0.142276815  14  14  11 O
 0.156465520  14  14  10 O
 0.233606624  14  14  9 O
 0.256881151  14  14  8 O
 0.296152268  14  14  7 O
 0.318145332  14  14  6 O
 0.364454822  14  14  5 O
 0.398456856  14  14  4 O
 0.432836432  14  14  3 O
 0.453722331  14  14  2 O
 0.496130496  14  14  1 O
 0.534902427  14  14  0 O
 0.583296555  14  14  14 O
 0.598107148  14  14  13 O
 0.635182988  14  14  12 O
 0.676568888  14  14  11 O
 0.719387695  14  14  10 O
 0.757665464  14  14  9 O
 0.795967336  14  14  8 O
 0.840932359  14  14  7 O
 0.862595057  14  14  6 O
 0.880120439  14  14  5 O
 0.903148722  14  14  4 O
 0.972660314  14  14  3 O
 1.021343289  14  14  2 O
 1.038393486  14  14  1 O
 1.062825311  14  14  0 O
 1.098472784  14  14  14 O
 1.119529770  14  14  13 O
 1.147653394  14  14  12 O
 1.165135005  14  14  11 O
 1.175372480  14  14  10 O
 1.191315899  14  14  9 O
 1.231913118  14  14  8 O
 1.251862603  14  14  7 O
 1.274776203  14  14  6 O
 0.000876355  7  7  7 H
 0.049630487  7  6  7 H
 0.063308375  7  5  7 H
 0.106741442  7  4  7 H
 0.151733006  7  3  7 H
 0.211477449  7  2  7 H
 0.255997678  7  1  7 H
 0.302159727  7  0  7 H
 0.330899294  7  14  7 H
 0.357907773  7  13  7 H
 0.381472313  7  12  7 H
 0.412278414  7  11  7 H
 0.425913320  7  10  7 H
 0.460505095  7  9  7 H
 0.506145565  7  8  7 H
 0.546130128  7  7  7 H
 0.572750042  7  6  7 H
 0.584274230  7  5  7 H
 0.608392112  7  4  7 H
 0.643277451  7  3  7 H
 0.676703097  7  2  7 H
 0.721198595  7  1  7 H
 0.757777893  7  0  7 H
 0.780288630  7  14  7 H
 0.829494652  7  13  7 H
 0.852362337  7  12  7 H
 0.899569078  7  11  7 H
 0.959469193  7  10  7 H
 0.979070326  7  9  7 H
 1.017084448  7  8  7 H
 1.052471065  7  7  7 H
 1.077065361  7  6  7 H
 1.111543955  7  5  7 H
 1.147654591  7  4  7 H
 1.176667622  7  3  7 H
 1.201963414  7  2  7 H
 1.250465812  7  1  7 H
 1.289379281  7  0  7 H
 1.318168870  7  14  7 H
 1.341369731  7  13  7 H
 1.385003073  7  12  7 H
 1.431743879  7  11  7 H
 1.472603537  7  10  7 H
 1.512228164  7  9  7 H
 1.529724497  7  8  7 H
 1.566495265  7  7  7 H
 1.582112986  7  6  7 H
 1.595861840  7  5  7 H
 1.632315419  7  4  7 H
 1.665060901  7  3  7 H
 1.710728878  7  2  7 H
 0.000825622  1  1  1 B
 0.016714079  1  2  1 B
 0.033931102  1  3  1 B
 0.055693662  1  4  1 B
 0.104730324  1  5  1 B
 0.132767595  1  6  1 B
 0.178118597  1  7  1 B
 0.189379940  1  8  1 B
 0.214145055  1  9  1 B
 0.263146965  1  10  1 B
 0.293270712  1  11  1 B
 0.343305761  1  12  1 B
 0.369755106  1  13  1 B
 0.396134083  1  14  1 B
 0.443462850  1  0  1 B
 0.463078366  1  1  1 B
 0.492548522  1  2  1 B
 0.531678329  1  3  1 B
 0.567928420  1  4  1 B
 0.614935000  1  5  1 B
 0.647638791  1  6  1 B
 0.674900537  1  7  1 B
 0.695499402  1  8  1 B
 0.728290818  1  9  1 B
 0.774162382  1  10  1 B
 0.791682957  1  11  1 B
 0.820270964  1  12  1 B
 0.845345486  1  13  1 B
 0.874274632  1  14  1 B
 0.901932449  1  0  1 B
 0.951059434  1  1  1 B
 0.981796160  1  2  1 B
 0.994093974  1  3  1 B
 1.038686781  1  4  1 B
 1.070183871  1  5  1 B
 1.082336347  1  6  1 B
 1.121598645  1  7  1 B
 1.161790229  1  8  1 B
 1.200219199  1  9  1 B
 1.237225430  1  10  1 B
 1.254963187  1  11  1 B
 1.290824683  1  12  1 B
 1.321727602  1  13  1 B
 1.350571615  1  14  1 B
 1.377403266  1  0  1 B
 1.421722663  1  1  1 B
 1.455069019  1  2  1 B
 1.505275293  1  3  1 B
 1.564646805  1  4  1 B
 1.614941634  1  5  1 B
 1.653334217  1  6  1 B
 1.695753313  1  7  1 B
 1.737146230  1  8  1 B
 1.761396582  1  9  1 B
 0.000843004  3  3  3 D
 0.090875776  3  4  3 D
 0.139356619  3  5  3 D
 0.183998616  3  6  3 D
 0.225660032  3  7  3 D
 0.259061982  3  8  3 D
 0.300148679  3  9  3 D
 0.316136196  3  10  3 D
 0.351753084  3  11  3 D
 0.377270784  3  12  3 D
 0.400849361  3  13  3 D
 0.486605104  3  14  3 D
 0.531947909  3  0  3 D
 0.547870960  3  1  3 D
 0.577049500  3  2  3 D
 0.601751808  3  3  3 D
 0.622864996  3  4  3 D
 0.663433107  3  5  3 D
 0.703709817  3  6  3 D
 0.744663303  3  7  3 D
 0.756104760  3  8  3 D
 0.771739611  3  9  3 D
 0.795280702  3  10  3 D
 0.814932662  3  11  3 D
 0.858583440  3  12  3 D
 0.870891472  3  13  3 D
 0.896276359  3  14  3 D
 0.938310417  3  0  3 D
 0.953309761  3  1  3 D
 1.003218020  3  2  3 D
 1.017311034  3  3  3 D
 1.098335244  3  4  3 D
 1.148163183  3  5  3 D
 1.187746188  3  6  3 D
 1.208076800  3  7  3 D
 1.254154716  3  8  3 D
 1.277013398  3  9  3 D
 1.289508319  3  10  3 D
 1.302916009  3  11  3 D
 1.316778014  3  12  3 D
 1.344169590  3  13  3 D
 1.391606092  3  14  3 D
 1.441165038  3  0  3 D
 1.489980223  3  1  3 D
 1.521837270  3  2  3 D
 1.543279385  3  3  3 D
 1.582340271  3  4  3 D
 1.595519340  3  5  3 D
 1.619269549  3  6  3 D
 1.640179498  3  7  3 D
 1.680315982  3  8  3 D
 1.721379298  3  9  3 D
 1.744039822  3  10  3 D
 1.770730441  3  11  3 D
 1.807044691  3  12  3 D
 1.824288578  3  13  3 D
 1.866754157  3  14  3 D
 1.878846503  3  0  3 D
 1.907854468  3  1  3 D
 1.920158356  3  2  3 D
 1.935958077  3  3  3 D
 1.974251670  3  4  3 D
 1.986683630  3  5  3 D
 2.006176922  3  6  3 D
 2.021929670  3  7  3 D
 2.052078142  3  8  3 D
 2.063985028  3  9  3 D
 2.075682998  3  10  3 D
 2.116009950  3  11  3 D
 2.164840611  3  12  3 D
 2.190110115  3  13  3 D
 2.201965528  3  14  3 D
 2.251891666  3  0  3 D
 0.000868060  6  6  6 G
 0.018211235  6  6  7 G
 0.042161426  6  6  8 G
 0.090423068  6  6  9 G
 0.136241712  6  6  10 G
 0.154360163  6  6  11 G
 0.175612694  6  6  12 G
 0.189130592  6  6  13 G
 0.205628857  6  6  14 G
 0.220728522  6  6  0 G
 0.249392809  6  6  1 G
 0.280452152  6  6  2 G
 0.302788502  6  6  3 G
 0.351548801  6  6  4 G
 0.375723209  6  6  5 G
 0.395054568  6  6  6 G
 0.425859357  6  6  7 G
 0.455064549  6  6  8 G
 0.505488035  6  6  9 G
 0.533260667  6  6  10 G
 0.545432380  6  6  11 G
 0.566071810  6  6  12 G
 0.578675907  6  6  13 G
 0.603766083  6  6  14 G
 0.640653602  6  6  0 G
 0.678322558  6  6  1 G
 0.693387714  6  6  2 G
 0.779624174  6  6  3 G
 0.819135005  6  6  4 G
 0.857194910  6  6  5 G
 0.871728862  6  6  6 G
 0.907643498  6  6  7 G
 0.947260922  6  6  8 G
 0.995338325  6  6  9 G
 1.044256079  6  6  10 G
 1.058360986  6  6  11 G
 1.085932039  6  6  12 G
 1.135311549  6  6  13 G
 1.157319863  6  6  14 G
 1.196377685  6  6  0 G
 1.213892572  6  6  1 G
 1.256269857  6  6  2 G
 1.286423020  6  6  3 G
 1.307026824  6  6  4 G
 1.339571133  6  6  5 G
 1.389152337  6  6  6 G
 1.406589206  6  6  7 G
 1.423332203  6  6  8 G
 1.433975149  6  6  9 G
 1.455513675  6  6  10 G
 1.497784464  6  6  11 G
 1.529639491  6  6  12 G
 1.579941854  6  6  13 G
 1.626078972  6  6  14 G
 1.641415871  6  6  0 G
 1.716666982  6  6  1 G
 1.752685252  6  6  2 G
 1.773625333  6  6  3 G
 1.819575559  6  6  4 G
 1.857502506  6  6  5 G
 1.891721891  6  6  6 G
 1.913860259  6  6  7 G
 1.951072320  6  6  8 G
 1.982721092  6  6  9 G
 2.021814392  6  6  10 G
 2.065038413  6  6  11 G
 2.109137300  6  6  12 G
 2.132077235  6  6  13 G
 2.162129349  6  6  14 G
 2.207040446  6  6  0 G
 2.221128894  6  6  1 G
 2.255907526  6  6  2 G
 2.301258279  6  6  3 G
 2.340320409  6  6  4 G
 2.365259518  6  6  5 G
 2.392354436  6  6  6 G
 2.413562781  6  6  7 G
 2.446572305  6  6  8 G
 2.478492952  6  6  9 G
 0.000851286  4  4  4 E
 0.045158120  4  4  3 E
 0.080855229  4  4  2 E
 0.122142128  4  4  1 E
 0.136809293  4  4  0 E
 0.183124334  4  4  14 E
 0.202410408  4  4  13 E
 0.223095300  4  4  12 E
 0.239179949  4  4  11 E
 0.250562455  4  4  10 E
 0.277826043  4  4  9 E
 0.326071071  4  4  8 E
 0.352062214  4  4  7 E
 0.396135779  4  4  6 E
 0.421901562  4  4  5 E
 0.465545175  4  4  4 E
 0.496843337  4  4  3 E
 0.523852890  4  4  2 E
 0.622605319  4  4  1 E
 0.644790502  4  4  0 E
 0.694728314  4  4  14 E
 0.726586210  4  4  13 E
 0.761378492  4  4  12 E
 0.796658361  4  4  11 E
 0.820246437  4  4  10 E
 0.846893088  4  4  9 E
 0.892077146  4  4  8 E
 0.916485620  4  4  7 E
 0.957351321  4  4  6 E
 1.015656667  4  4  5 E
 1.046634979  4  4  4 E
 1.062836358  4  4  3 E
 1.090563259  4  4  2 E
 1.109734694  4  4  1 E
 1.157401325  4  4  0 E
 1.174676456  4  4  14 E
 1.200960134  4  4  13 E
 1.234417844  4  4  12 E
 1.280218937  4  4  11 E
 1.322751263  4  4  10 E
 1.343539401  4  4  9 E
 1.367703848  4  4  8 E
 1.386835754  4  4  7 E
 1.417971941  4  4  6 E
 1.429090086  4  4  5 E
 1.444112824  4  4  4 E
 1.488807015  4  4  3 E
 1.500715875  4  4  2 E
 1.532447278  4  4  1 E
 1.562534328  4  4  0 E
 1.596134469  4  4  14 E
 1.637678331  4  4  13 E
 1.678405766  4  4  12 E
 1.722126100  4  4  11 E
 1.755457414  4  4  10 E
 1.799480446  4  4  9 E
 1.826997034  4  4  8 E
 1.851867036  4  4  7 E
 1.862776667  4  4  6 E
 1.905272717  4  4  5 E
 1.917148787  4  4  4 E
 1.940338577  4  4  3 E
 1.965560612  4  4  2 E
 2.014346695  4  4  1 E
 2.040831138  4  4  0 E
 2.075348642  4  4  14 E
 2.116630234  4  4  13 E
 2.137245119  4  4  12 E
 2.171066589  4  4  11 E
 2.191694692  4  4  10 E
 2.219411337  4  4  9 E
 2.244034269  4  4  8 E
 2.268782707  4  4  7 E
 2.315454505  4  4  6 E
 2.358954576  4  4  5 E
 2.379006656  4  4  4 E
 2.412588034  4  4  3 E
 2.438072283  4  4  2 E
 2.464200959  4  4  1 E
 2.507314497  4  4  0 E
 2.555748940  4  4  14 E
 2.568889155  4  4  13 E
 2.601960719  4  4  12 E
 2.647610035  4  4  11 E
 2.667197563  4  4  10 E
 0.000897352  10  10  10 K
 0.061940552  10  10  9 K
 0.072219632  10  10  8 K
 0.104713845  10  10  7 K
 0.127635143  10  10  6 K
 0.163984513  10  10  5 K
 0.194830230  10  10  4 K
 0.206438192  10  10  3 K
 0.253575648  10  10  2 K
 0.308625144  10  10  1 K
 0.329587682  10  10  0 K
 0.349307540  10  10  14 K
 0.364318897  10  10  13 K
 0.394305912  10  10  12 K
 0.405071171  10  10  11 K
 0.415550390  10  10  10 K
 0.446032644  10  10  9 K
 0.487137571  10  10  8 K
 0.508900744  10  10  7 K
 0.554955651  10  10  6 K
 0.570386788  10  10  5 K
 0.612668201  10  10  4 K
 0.634423817  10  10  3 K
 0.668193406  10  10  2 K
 0.718015547  10  10  1 K
 0.743017892  10  10  0 K
 0.754561745  10  10  14 K
 0.780504717  10  10  13 K
 0.821747120  10  10  12 K
 0.846710740  10  10  11 K
 0.868138655  10  10  10 K
 0.898464301  10  10  9 K
 0.915256789  10  10  8 K
 0.928081105  10  10  7 K
 0.941724739  10  10  6 K
 0.983897992  10  10  5 K
 1.031624964  10  10  4 K
 1.054600091  10  10  3 K
 1.088580644  10  10  2 K
 1.126978036  10  10  1 K
 1.160119871  10  10  0 K
 1.205195929  10  10  14 K
 1.231254860  10  10  13 K
 1.253375466  10  10  12 K
 1.267771554  10  10  11 K
 1.284415297  10  10  10 K
 1.320322369  10  10  9 K
 1.349285032  10  10  8 K
 1.365961965  10  10  7 K
 1.398121182  10  10  6 K
 1.426087068  10  10  5 K
 1.454725466  10  10  4 K
 1.480675348  10  10  3 K
 1.510056328  10  10  2 K
 1.538499227  10  10  1 K
 1.558479721  10  10  0 K
 1.605539045  10  10  14 K
 1.627406975  10  10  13 K
 1.640290390  10  10  12 K
 1.675011401  10  10  11 K
 1.721377669  10  10  10 K
 1.750929534  10  10  9 K
 1.770662623  10  10  8 K
 1.787833380  10  10  7 K
 1.812828825  10  10  6 K
 1.838932277  10  10  5 K
 1.886933453  10  10  4 K
 1.928403362  10  10  3 K
 1.939648193  10  10  2 K
 1.984276251  10  10  1 K
 1.994701395  10  10  0 K
 2.026198724  10  10  14 K
 2.040833494  10  10  13 K
 2.057344499  10  10  12 K
 2.082833757  10  10  11 K
 2.108013583  10  10  10 K
 2.130506197  10  10  9 K
 2.178572128  10  10  8 K
 2.193100465  10  10  7 K
 2.229342219  10  10  6 K
 2.261429900  10  10  5 K
 2.296397554  10  10  4 K
 2.307232850  10  10  3 K
 2.324886424  10  10  2 K
 2.341916224  10  10  1 K
 2.378346514  10  10  0 K
 2.400491369  10  10  14 K
 2.438070459  10  10  13 K
 2.476454977  10  10  12 K
 2.502537483  10  10  11 K
 2.522677950  10  10  10 K
 2.548198476  10  10  9 K
 2.590409894  10  10  8 K
 2.630930294  10  10  7 K
 2.678251006  10  10  6 K
 2.723498581  10  10  5 K
 2.742336104  10  10  4 K
